0 -6 -4 0 0 0 0
0.02 -5.99977 -4 0.0297596 0.0228039 1.14019 1.48798
0.04 -5.99909 -3.99996 0.0595192 0.0456077 1.14019 1.48798
0.06 -5.99795 -3.99988 0.0892788 0.0684116 1.14019 1.48798
0.08 -5.99636 -3.99971 0.119038 0.0912155 1.14019 1.48798
0.1 -5.99433 -3.99944 0.148798 0.114019 1.14019 1.48798
0.12 -5.99186 -3.99903 0.178558 0.136823 1.14019 1.48798
0.14 -5.98895 -3.99845 0.208317 0.159627 1.14019 1.48798
0.16 -5.98561 -3.9977 0.238077 0.182431 1.14019 1.48798
0.18 -5.98186 -3.99673 0.267836 0.205235 1.14019 1.48798
0.2 -5.9777 -3.99552 0.297596 0.228039 1.14019 1.48798
0.22 -5.97314 -3.99404 0.327356 0.250843 1.14019 1.48798
0.24 -5.9682 -3.99228 0.357115 0.273646 1.14019 1.48798
0.26 -5.96289 -3.99021 0.386875 0.29645 1.14019 1.48798
0.28 -5.95723 -3.9878 0.416634 0.319254 1.14019 1.48798
0.3 -5.95122 -3.98503 0.446394 0.342058 1.14019 1.48798
0.32 -5.94489 -3.98189 0.476153 0.364862 1.14019 1.48798
0.34 -5.93825 -3.97834 0.505913 0.387666 1.14019 1.48798
0.36 -5.93133 -3.97436 0.535673 0.41047 1.14019 1.48798
0.38 -5.92414 -3.96995 0.565432 0.433273 1.14019 1.48798
0.4 -5.91671 -3.96507 0.595192 0.456077 1.14019 1.48798
0.42 -5.90904 -3.95971 0.624951 0.478881 1.14019 1.48798
0.44 -5.90118 -3.95386 0.654711 0.501685 1.14019 1.48798
0.46 -5.89313 -3.94749 0.684471 0.524489 1.14019 1.48798
0.48 -5.88493 -3.94059 0.71423 0.547293 1.14019 1.48798
0.5 -5.8766 -3.93315 0.74399 0.570097 1.14019 1.48798
0.52 -5.86816 -3.92514 0.773749 0.5929 1.14019 1.48798
0.54 -5.85965 -3.91657 0.803509 0.615704 1.14019 1.48798
0.56 -5.85107 -3.90741 0.833269 0.638508 1.14019 1.48798
0.58 -5.84248 -3.89766 0.863028 0.661312 1.14019 1.48798
0.6 -5.83389 -3.88731 0.892788 0.684116 1.14019 1.48798
0.62 -5.82532 -3.87635 0.922547 0.70692 1.14019 1.48798
0.64 -5.81682 -3.86477 0.952307 0.729724 1.14019 1.48798
0.66 -5.80841 -3.85256 0.982067 0.752528 1.14019 1.48798
0.68 -5.80012 -3.83973 1.01183 0.775331 1.14019 1.48798
0.7 -5.79197 -3.82627 1.04159 0.798135 1.14019 1.48798
0.72 -5.78401 -3.81217 1.07135 0.820939 1.14019 1.48798
0.74 -5.77626 -3.79744 1.1011 0.843743 1.14019 1.48798
0.76 -5.76875 -3.78208 1.13086 0.866547 1.14019 1.48798
0.78 -5.76151 -3.76608 1.16062 0.889351 1.14019 1.48798
0.8 -5.75457 -3.74946 1.19038 0.912155 1.14019 1.48798
0.82 -5.74797 -3.73221 1.22014 0.934958 1.14019 1.48798
0.84 -5.74173 -3.71434 1.2499 0.957762 1.14019 1.48798
0.86 -5.7359 -3.69585 1.27966 0.980566 1.14019 1.48798
0.88 -5.73049 -3.67677 1.30942 1.00337 1.14019 1.48798
0.9 -5.72553 -3.65709 1.33918 1.02617 1.14019 1.48798
0.92 -5.72107 -3.63682 1.36894 1.04898 1.14019 1.48798
0.94 -5.71713 -3.61598 1.3987 1.07178 1.14019 1.48798
0.96 -5.71374 -3.59459 1.42846 1.09459 1.14019 1.48798
0.98 -5.71053 -3.57295 1.41878 1.09261 -0.0986844 -0.483885
1 -5.70712 -3.55139 1.40911 1.09064 -0.0986844 -0.483885
1.02 -5.70351 -3.5299 1.39943 1.08866 -0.0986844 -0.483885
1.04 -5.6997 -3.50848 1.38975 1.08669 -0.0986844 -0.483885
1.06 -5.69569 -3.48714 1.38007 1.08472 -0.0986844 -0.483885
1.08 -5.69147 -3.46588 1.37039 1.08274 -0.0986844 -0.483885
1.1 -5.68706 -3.4447 1.36072 1.08077 -0.0986844 -0.483885
1.12 -5.68246 -3.4236 1.35104 1.0788 -0.0986844 -0.483885
1.14 -5.67766 -3.40258 1.34136 1.07682 -0.0986844 -0.483885
1.16 -5.67266 -3.38165 1.33168 1.07485 -0.0986844 -0.483885
1.18 -5.66748 -3.36081 1.32201 1.07287 -0.0986844 -0.483885
1.2 -5.6621 -3.34006 1.31233 1.0709 -0.0986844 -0.483885
1.22 -5.65653 -3.3194 1.30265 1.06893 -0.0986844 -0.483885
1.24 -5.65077 -3.29883 1.29297 1.06695 -0.0986844 -0.483885
1.26 -5.64482 -3.27836 1.2833 1.06498 -0.0986844 -0.483885
1.28 -5.63869 -3.25798 1.27362 1.06301 -0.0986844 -0.483885
1.3 -5.63237 -3.2377 1.26394 1.06103 -0.0986844 -0.483885
1.32 -5.62587 -3.21752 1.25426 1.05906 -0.0986844 -0.483885
1.34 -5.61919 -3.19745 1.24458 1.05709 -0.0986844 -0.483885
1.36 -5.61232 -3.17747 1.23491 1.05511 -0.0986844 -0.483885
1.38 -5.60528 -3.1576 1.22523 1.05314 -0.0986844 -0.483885
1.4 -5.59805 -3.13784 1.21555 1.05116 -0.0986844 -0.483885
1.42 -5.59065 -3.11818 1.20587 1.04919 -0.0986844 -0.483885
1.44 -5.58307 -3.09863 1.1962 1.04722 -0.0986844 -0.483885
1.46 -5.57532 -3.0792 1.18652 1.04524 -0.0986844 -0.483885
1.48 -5.5674 -3.05987 1.17684 1.04327 -0.0986844 -0.483885
1.5 -5.55931 -3.04066 1.16716 1.0413 -0.0986844 -0.483885
1.52 -5.55104 -3.02157 1.15749 1.03932 -0.0986844 -0.483885
1.54 -5.54261 -3.00259 1.14781 1.03735 -0.0986844 -0.483885
1.56 -5.53401 -2.98373 1.13813 1.03537 -0.0986844 -0.483885
1.58 -5.52525 -2.96499 1.12845 1.0334 -0.0986844 -0.483885
1.6 -5.51632 -2.94638 1.11877 1.03143 -0.0986844 -0.483885
1.62 -5.50723 -2.92788 1.1091 1.02945 -0.0986844 -0.483885
1.64 -5.49797 -2.90951 1.09942 1.02748 -0.0986844 -0.483885
1.66 -5.48856 -2.89126 1.08974 1.02551 -0.0986844 -0.483885
1.68 -5.47899 -2.87314 1.08006 1.02353 -0.0986844 -0.483885
1.7 -5.46927 -2.85515 1.07039 1.02156 -0.0986844 -0.483885
1.72 -5.45939 -2.83729 1.06071 1.01959 -0.0986844 -0.483885
1.74 -5.44962 -2.81975 1.06481 0.988245 -1.567 0.205288
1.76 -5.44023 -2.80272 1.06892 0.956905 -1.567 0.205288
1.78 -5.43121 -2.7862 1.07303 0.925565 -1.567 0.205288
1.8 -5.42255 -2.77019 1.07713 0.894225 -1.567 0.205288
1.82 -5.41426 -2.7547 1.08124 0.862885 -1.567 0.205288
1.84 -5.40632 -2.73973 1.08534 0.831545 -1.567 0.205288
1.86 -5.39873 -2.72528 1.08945 0.800205 -1.567 0.205288
1.88 -5.3915 -2.71136 1.09355 0.768865 -1.567 0.205288
1.9 -5.38461 -2.69796 1.09766 0.737525 -1.567 0.205288
1.92 -5.37805 -2.6851 1.10177 0.706185 -1.567 0.205288
1.94 -5.37184 -2.67277 1.10587 0.674845 -1.567 0.205288
1.96 -5.36595 -2.66097 1.10998 0.643505 -1.567 0.205288
1.98 -5.36039 -2.64971 1.11408 0.612165 -1.567 0.205288
2 -5.35515 -2.63899 1.11819 0.580825 -1.567 0.205288
2.02 -5.35023 -2.62882 1.12229 0.549485 -1.567 0.205288
2.04 -5.3453 -2.61866 1.11569 0.579526 1.50206 -0.330305
2.06 -5.34003 -2.608 1.10908 0.609567 1.50206 -0.330305
2.08 -5.33443 -2.59683 1.10248 0.639608 1.50206 -0.330305
2.1 -5.32848 -2.58517 1.09587 0.66965 1.50206 -0.330305
2.12 -5.32218 -2.57301 1.08926 0.699691 1.50206 -0.330305
2.14 -5.31552 -2.56037 1.08266 0.729732 1.50206 -0.330305
2.16 -5.30849 -2.54724 1.07605 0.759773 1.50206 -0.330305
2.18 -5.30109 -2.53362 1.06945 0.789814 1.50206 -0.330305
2.2 -5.2933 -2.51953 1.06284 0.819855 1.50206 -0.330305
2.22 -5.28513 -2.50497 1.05623 0.849896 1.50206 -0.330305
2.24 -5.27657 -2.48994 1.04963 0.879937 1.50206 -0.330305
2.26 -5.26784 -2.47503 1.03233 0.848427 -1.57553 -0.86495
2.28 -5.25917 -2.4608 1.01503 0.816916 -1.57553 -0.86495
2.3 -5.2506 -2.44726 0.99773 0.785405 -1.57553 -0.86495
2.32 -5.24215 -2.4344 0.980431 0.753895 -1.57553 -0.86495
2.34 -5.23382 -2.42221 0.963132 0.722384 -1.57553 -0.86495
2.36 -5.22566 -2.41068 0.945833 0.690873 -1.57553 -0.86495
2.38 -5.21766 -2.3998 0.928534 0.659363 -1.57553 -0.86495
2.4 -5.20986 -2.38955 0.911235 0.627852 -1.57553 -0.86495
2.42 -5.20228 -2.37995 0.893936 0.596341 -1.57553 -0.86495
2.44 -5.19493 -2.37096 0.876637 0.564831 -1.57553 -0.86495
2.46 -5.18783 -2.36258 0.859338 0.53332 -1.57553 -0.86495
2.48 -5.18101 -2.35479 0.842039 0.501809 -1.57553 -0.86495
2.5 -5.17447 -2.3476 0.82474 0.470299 -1.57553 -0.86495
2.52 -5.16824 -2.34098 0.807441 0.438788 -1.57553 -0.86495
2.54 -5.16234 -2.33491 0.790142 0.407277 -1.57553 -0.86495
2.56 -5.15679 -2.3294 0.772843 0.375767 -1.57553 -0.86495
2.58 -5.15159 -2.32441 0.755544 0.344256 -1.57553 -0.86495
2.6 -5.14677 -2.31995 0.738245 0.312745 -1.57553 -0.86495
2.62 -5.14234 -2.31599 0.720946 0.281235 -1.57553 -0.86495
2.64 -5.13804 -2.31227 0.704709 0.287067 0.291607 -0.811864
2.66 -5.13359 -2.30855 0.688472 0.292899 0.291607 -0.811864
2.68 -5.12899 -2.30483 0.672235 0.298731 0.291607 -0.811864
2.7 -5.12424 -2.30111 0.655997 0.304563 0.291607 -0.811864
2.72 -5.11934 -2.2974 0.63976 0.310396 0.291607 -0.811864
2.74 -5.11428 -2.2937 0.623523 0.316228 0.291607 -0.811864
2.76 -5.10907 -2.29002 0.607286 0.32206 0.291607 -0.811864
2.78 -5.1037 -2.28635 0.591048 0.327892 0.291607 -0.811864
2.8 -5.09818 -2.28271 0.574811 0.333724 0.291607 -0.811864
2.82 -5.0925 -2.2791 0.558574 0.339556 0.291607 -0.811864
2.84 -5.08671 -2.27545 0.566205 0.344449 0.244613 0.381571
2.86 -5.08087 -2.2717 0.573837 0.349341 0.244613 0.381571
2.88 -5.07498 -2.26786 0.581468 0.354233 0.244613 0.381571
2.9 -5.06903 -2.26392 0.589099 0.359125 0.244613 0.381571
2.92 -5.06303 -2.25988 0.596731 0.364018 0.244613 0.381571
2.94 -5.05699 -2.25574 0.604362 0.36891 0.244613 0.381571
2.96 -5.05089 -2.2515 0.611994 0.373802 0.244613 0.381571
2.98 -5.04475 -2.24715 0.619625 0.378694 0.244613 0.381571
3 -5.03856 -2.2427 0.627256 0.383587 0.244613 0.381571
3.02 -5.03233 -2.23814 0.634888 0.388479 0.244613 0.381571
3.04 -5.02605 -2.23348 0.642519 0.393371 0.244613 0.381571
3.06 -5.01962 -2.2287 0.635029 0.408028 0.732869 -0.374525
3.08 -5.01291 -2.2238 0.627538 0.422686 0.732869 -0.374525
3.1 -5.00593 -2.21878 0.620048 0.437343 0.732869 -0.374525
3.12 -4.99867 -2.21364 0.612557 0.452001 0.732869 -0.374525
3.14 -4.99114 -2.20838 0.605067 0.466658 0.732869 -0.374525
3.16 -4.98332 -2.20302 0.597576 0.481315 0.732869 -0.374525
3.18 -4.97522 -2.19755 0.590086 0.495973 0.732869 -0.374525
3.2 -4.96683 -2.19198 0.582595 0.51063 0.732869 -0.374525
3.22 -4.95816 -2.18632 0.575105 0.525287 0.732869 -0.374525
3.24 -4.9492 -2.18056 0.567614 0.539945 0.732869 -0.374525
3.26 -4.93995 -2.17471 0.560124 0.554602 0.732869 -0.374525
3.28 -4.93029 -2.16866 0.557739 0.585037 1.52174 -0.119222
3.3 -4.92009 -2.16232 0.555355 0.615472 1.52174 -0.119222
3.32 -4.90937 -2.15568 0.55297 0.645907 1.52174 -0.119222
3.34 -4.89811 -2.14875 0.550586 0.676342 1.52174 -0.119222
3.36 -4.88631 -2.14153 0.548202 0.706776 1.52174 -0.119222
3.38 -4.87444 -2.13438 0.536268 0.679258 -1.37591 -0.596662
3.4 -4.86296 -2.12765 0.524335 0.65174 -1.37591 -0.596662
3.42 -4.85188 -2.12132 0.512402 0.624222 -1.37591 -0.596662
3.44 -4.8412 -2.1154 0.500469 0.596704 -1.37591 -0.596662
3.46 -4.83094 -2.10987 0.488535 0.569186 -1.37591 -0.596662
3.48 -4.8211 -2.10471 0.476602 0.541667 -1.37591 -0.596662
3.5 -4.81169 -2.09992 0.464669 0.514149 -1.37591 -0.596662
3.52 -4.80272 -2.09549 0.452736 0.486631 -1.37591 -0.596662
3.54 -4.79419 -2.0914 0.440802 0.459113 -1.37591 -0.596662
3.56 -4.78611 -2.08765 0.428869 0.431595 -1.37591 -0.596662
3.58 -4.77849 -2.08422 0.416936 0.404077 -1.37591 -0.596662
3.6 -4.77133 -2.0811 0.405003 0.376559 -1.37591 -0.596662
3.62 -4.76465 -2.07828 0.393069 0.34904 -1.37591 -0.596662
3.64 -4.75844 -2.07575 0.381136 0.321522 -1.37591 -0.596662
3.66 -4.75271 -2.0735 0.369203 0.294004 -1.37591 -0.596662
3.68 -4.74746 -2.07151 0.354682 0.2669 -1.35519 -0.726064
3.7 -4.7427 -2.06978 0.34016 0.239797 -1.35519 -0.726064
3.72 -4.73842 -2.0683 0.325639 0.212693 -1.35519 -0.726064
3.74 -4.73464 -2.06706 0.311118 0.185589 -1.35519 -0.726064
3.76 -4.73136 -2.06603 0.296596 0.158485 -1.35519 -0.726064
3.78 -4.72858 -2.0652 0.282075 0.131381 -1.35519 -0.726064
3.8 -4.72631 -2.06456 0.267554 0.104277 -1.35519 -0.726064
3.82 -4.72456 -2.06409 0.253033 0.0771736 -1.35519 -0.726064
3.84 -4.72333 -2.06378 0.238511 0.0500698 -1.35519 -0.726064
3.86 -4.72262 -2.06361 0.22399 0.022966 -1.35519 -0.726064
3.88 -4.72243 -2.06357 0.209469 -0.00413784 -1.35519 -0.726064
3.9 -4.72278 -2.06364 0.194948 -0.0312417 -1.35519 -0.726064
3.92 -4.72366 -2.06381 0.180426 -0.0583455 -1.35519 -0.726064
3.94 -4.72508 -2.06406 0.165905 -0.0854493 -1.35519 -0.726064
3.96 -4.72703 -2.06437 0.151384 -0.112553 -1.35519 -0.726064
3.98 -4.72953 -2.06473 0.136862 -0.139657 -1.35519 -0.726064
4 -4.73257 -2.06512 0.122341 -0.166761 -1.35519 -0.726064
4.02 -4.73615 -2.06554 0.10782 -0.193865 -1.35519 -0.726064
4.04 -4.74027 -2.06595 0.0932986 -0.220968 -1.35519 -0.726064
4.06 -4.74495 -2.06636 0.0787773 -0.248072 -1.35519 -0.726064
4.08 -4.75017 -2.06673 0.0642561 -0.275176 -1.35519 -0.726064
4.1 -4.75593 -2.06706 0.0497348 -0.30228 -1.35519 -0.726064
4.12 -4.76224 -2.06732 0.0352135 -0.329384 -1.35519 -0.726064
4.14 -4.7691 -2.06752 0.0206922 -0.356487 -1.35519 -0.726064
4.16 -4.7765 -2.06761 0.00617096 -0.383591 -1.35519 -0.726064
4.18 -4.78444 -2.06761 -0.00835032 -0.410695 -1.35519 -0.726064
4.2 -4.79293 -2.06747 -0.0228716 -0.437799 -1.35519 -0.726064
4.22 -4.80195 -2.0672 -0.0373929 -0.464903 -1.35519 -0.726064
4.24 -4.81151 -2.06677 -0.0519141 -0.492007 -1.35519 -0.726064
4.26 -4.8216 -2.06617 -0.0664354 -0.51911 -1.35519 -0.726064
4.28 -4.83223 -2.06539 -0.0809567 -0.546214 -1.35519 -0.726064
4.3 -4.84323 -2.06433 -0.110026 -0.559443 -0.661442 -1.45348
4.32 -4.85446 -2.06293 -0.139096 -0.572672 -0.661442 -1.45348
4.34 -4.86591 -2.06115 -0.168165 -0.585901 -0.661442 -1.45348
4.36 -4.87757 -2.059 -0.197235 -0.599129 -0.661442 -1.45348
4.38 -4.88941 -2.05645 -0.226305 -0.612358 -0.661442 -1.45348
4.4 -4.90143 -2.0535 -0.255374 -0.625587 -0.661442 -1.45348
4.42 -4.91362 -2.05013 -0.284444 -0.638816 -0.661442 -1.45348
4.44 -4.92595 -2.04632 -0.313513 -0.652045 -0.661442 -1.45348
4.46 -4.93842 -2.04208 -0.342583 -0.665274 -0.661442 -1.45348
4.48 -4.95101 -2.03738 -0.371653 -0.678502 -0.661442 -1.45348
4.5 -4.9637 -2.03222 -0.400722 -0.691731 -0.661442 -1.45348
4.52 -4.97648 -2.02659 -0.429792 -0.70496 -0.661442 -1.45348
4.54 -4.98933 -2.02047 -0.458861 -0.718189 -0.661442 -1.45348
4.56 -5.00223 -2.01386 -0.487931 -0.731418 -0.661442 -1.45348
4.58 -5.01517 -2.00675 -0.517001 -0.744647 -0.661442 -1.45348
4.6 -5.02812 -1.99913 -0.54607 -0.757875 -0.661442 -1.45348
4.62 -5.04107 -1.991 -0.57514 -0.771104 -0.661442 -1.45348
4.64 -5.054 -1.98235 -0.604209 -0.784333 -0.661442 -1.45348
4.66 -5.06688 -1.97318 -0.633279 -0.797562 -0.661442 -1.45348
4.68 -5.0797 -1.96347 -0.662349 -0.810791 -0.661442 -1.45348
4.7 -5.09245 -1.95323 -0.691418 -0.82402 -0.661442 -1.45348
4.72 -5.10509 -1.94245 -0.720488 -0.837248 -0.661442 -1.45348
4.74 -5.11761 -1.93114 -0.749557 -0.850477 -0.661442 -1.45348
4.76 -5.12998 -1.91928 -0.778627 -0.863706 -0.661442 -1.45348
4.78 -5.1422 -1.90687 -0.807697 -0.876935 -0.661442 -1.45348
4.8 -5.15422 -1.89393 -0.836766 -0.890164 -0.661442 -1.45348
4.82 -5.16604 -1.88044 -0.865836 -0.903393 -0.661442 -1.45348
4.84 -5.17763 -1.8664 -0.894905 -0.916621 -0.661442 -1.45348
4.86 -5.18897 -1.85183 -0.923975 -0.92985 -0.661442 -1.45348
4.88 -5.20004 -1.83672 -0.953045 -0.943079 -0.661442 -1.45348
4.9 -5.21081 -1.82108 -0.982114 -0.956308 -0.661442 -1.45348
4.92 -5.22127 -1.80491 -1.01118 -0.969537 -0.661442 -1.45348
4.94 -5.23139 -1.78822 -1.04025 -0.982766 -0.661442 -1.45348
4.96 -5.24115 -1.77101 -1.06932 -0.995994 -0.661442 -1.45348
4.98 -5.25054 -1.75329 -1.09839 -1.00922 -0.661442 -1.45348
5 -5.25952 -1.73506 -1.12746 -1.02245 -0.661442 -1.45348
5.02 -5.26807 -1.71635 -1.15653 -1.03568 -0.661442 -1.45348
5.04 -5.27634 -1.69717 -1.17121 -1.05216 -0.823848 -0.733854
5.06 -5.28444 -1.67758 -1.18589 -1.06863 -0.823848 -0.733854
5.08 -5.29238 -1.65755 -1.20056 -1.08511 -0.823848 -0.733854
5.1 -5.30014 -1.63711 -1.21524 -1.10159 -0.823848 -0.733854
5.12 -5.30772 -1.61625 -1.22992 -1.11807 -0.823848 -0.733854
5.14 -5.31509 -1.59496 -1.24459 -1.13454 -0.823848 -0.733854
5.16 -5.32226 -1.57326 -1.25927 -1.15102 -0.823848 -0.733854
5.18 -5.3292 -1.55114 -1.27395 -1.1675 -0.823848 -0.733854
5.2 -5.33591 -1.5286 -1.28863 -1.18397 -0.823848 -0.733854
5.22 -5.34238 -1.50565 -1.3033 -1.20045 -0.823848 -0.733854
5.24 -5.3486 -1.48229 -1.31798 -1.21693 -0.823848 -0.733854
5.26 -5.35456 -1.45852 -1.33266 -1.2334 -0.823848 -0.733854
5.28 -5.36024 -1.43435 -1.34733 -1.24988 -0.823848 -0.733854
5.3 -5.36563 -1.40977 -1.36201 -1.26636 -0.823848 -0.733854
5.32 -5.37073 -1.3848 -1.37669 -1.28284 -0.823848 -0.733854
5.34 -5.37553 -1.35942 -1.39137 -1.29931 -0.823848 -0.733854
5.36 -5.38 -1.33366 -1.40604 -1.31579 -0.823848 -0.733854
5.38 -5.38415 -1.30751 -1.42072 -1.33227 -0.823848 -0.733854
5.4 -5.38797 -1.28097 -1.4354 -1.34874 -0.823848 -0.733854
5.42 -5.39143 -1.25405 -1.45007 -1.36522 -0.823848 -0.733854
5.44 -5.39454 -1.22676 -1.46475 -1.3817 -0.823848 -0.733854
5.46 -5.39728 -1.1991 -1.47943 -1.39817 -0.823848 -0.733854
5.48 -5.39964 -1.17107 -1.4941 -1.41465 -0.823848 -0.733854
5.5 -5.40161 -1.14268 -1.50878 -1.43113 -0.823848 -0.733854
5.52 -5.40329 -1.1142 -1.51521 -1.42192 0.460258 -0.321606
5.54 -5.40477 -1.08589 -1.52165 -1.41272 0.460258 -0.321606
5.56 -5.40607 -1.05776 -1.52808 -1.40351 0.460258 -0.321606
5.58 -5.40717 -1.0298 -1.53451 -1.39431 0.460258 -0.321606
5.6 -5.40809 -1.00202 -1.54094 -1.3851 0.460258 -0.321606
5.62 -5.40883 -0.974423 -1.54737 -1.3759 0.460258 -0.321606
5.64 -5.40938 -0.947002 -1.55381 -1.36669 0.460258 -0.321606
5.66 -5.40975 -0.919763 -1.56024 -1.35749 0.460258 -0.321606
5.68 -5.40995 -0.892706 -1.56667 -1.34828 0.460258 -0.321606
5.7 -5.40998 -0.865833 -1.5731 -1.33908 0.460258 -0.321606
5.72 -5.40983 -0.839144 -1.57953 -1.32987 0.460258 -0.321606
5.74 -5.40951 -0.81264 -1.58597 -1.32067 0.460258 -0.321606
5.76 -5.40903 -0.786324 -1.5924 -1.31146 0.460258 -0.321606
5.78 -5.40838 -0.760194 -1.59883 -1.30226 0.460258 -0.321606
5.8 -5.40757 -0.734254 -1.60526 -1.29305 0.460258 -0.321606
5.82 -5.4066 -0.708504 -1.6117 -1.28385 0.460258 -0.321606
5.84 -5.40547 -0.682944 -1.61813 -1.27464 0.460258 -0.321606
5.86 -5.40419 -0.657575 -1.62456 -1.26544 0.460258 -0.321606
5.88 -5.40275 -0.6324 -1.63099 -1.25623 0.460258 -0.321606
5.9 -5.40117 -0.607417 -1.63742 -1.24703 0.460258 -0.321606
5.92 -5.39943 -0.58263 -1.64386 -1.23782 0.460258 -0.321606
5.94 -5.39755 -0.558037 -1.65029 -1.22861 0.460258 -0.321606
5.96 -5.39553 -0.53364 -1.65672 -1.21941 0.460258 -0.321606
5.98 -5.39337 -0.509441 -1.66315 -1.2102 0.460258 -0.321606
6 -5.39107 -0.485439 -1.66958 -1.201 0.460258 -0.321606
6.02 -5.38863 -0.461635 -1.67602 -1.19179 0.460258 -0.321606
6.04 -5.38606 -0.438031 -1.68245 -1.18259 0.460258 -0.321606
6.06 -5.38336 -0.414626 -1.68888 -1.17338 0.460258 -0.321606
6.08 -5.38053 -0.391423 -1.69531 -1.16418 0.460258 -0.321606
6.1 -5.37758 -0.36842 -1.70175 -1.15497 0.460258 -0.321606
6.12 -5.3745 -0.345619 -1.70818 -1.14577 0.460258 -0.321606
6.14 -5.3713 -0.323021 -1.71461 -1.13656 0.460258 -0.321606
6.16 -5.36799 -0.300626 -1.72104 -1.12736 0.460258 -0.321606
6.18 -5.36455 -0.278435 -1.72747 -1.11815 0.460258 -0.321606
6.2 -5.36101 -0.256448 -1.73391 -1.10895 0.460258 -0.321606
6.22 -5.35735 -0.234666 -1.74034 -1.09974 0.460258 -0.321606
6.24 -5.35359 -0.21309 -1.74677 -1.09054 0.460258 -0.321606
6.26 -5.34972 -0.191719 -1.7532 -1.08133 0.460258 -0.321606
6.28 -5.34574 -0.170554 -1.75963 -1.07213 0.460258 -0.321606
6.3 -5.34167 -0.149596 -1.76607 -1.06292 0.460258 -0.321606
6.32 -5.33749 -0.128845 -1.7725 -1.05372 0.460258 -0.321606
6.34 -5.33345 -0.107956 -1.75118 -1.07389 -1.00869 1.06594
6.36 -5.32979 -0.0865887 -1.72986 -1.09406 -1.00869 1.06594
6.38 -5.32653 -0.0647487 -1.70854 -1.11424 -1.00869 1.06594
6.4 -5.32368 -0.0424439 -1.68722 -1.13441 -1.00869 1.06594
6.42 -5.32126 -0.0196822 -1.6659 -1.15459 -1.00869 1.06594
6.44 -5.3193 0.00352786 -1.64459 -1.17476 -1.00869 1.06594
6.46 -5.3178 0.0271772 -1.62327 -1.19493 -1.00869 1.06594
6.48 -5.3168 0.0512561 -1.60195 -1.21511 -1.00869 1.06594
6.5 -5.3163 0.0757544 -1.58063 -1.23528 -1.00869 1.06594
6.52 -5.31632 0.100661 -1.55931 -1.25545 -1.00869 1.06594
6.54 -5.31688 0.125965 -1.53799 -1.27563 -1.00869 1.06594
6.56 -5.318 0.151655 -1.51667 -1.2958 -1.00869 1.06594
6.58 -5.31969 0.177717 -1.49535 -1.31598 -1.00869 1.06594
6.6 -5.32197 0.20414 -1.47404 -1.33615 -1.00869 1.06594
6.62 -5.32486 0.230909 -1.45272 -1.35632 -1.00869 1.06594
6.64 -5.32837 0.25801 -1.4314 -1.3765 -1.00869 1.06594
6.66 -5.33251 0.285429 -1.41008 -1.39667 -1.00869 1.06594
6.68 -5.33731 0.313152 -1.38876 -1.41684 -1.00869 1.06594
6.7 -5.34278 0.341162 -1.36744 -1.43702 -1.00869 1.06594
6.72 -5.34893 0.369443 -1.34612 -1.45719 -1.00869 1.06594
6.74 -5.35577 0.397979 -1.3248 -1.47736 -1.00869 1.06594
6.76 -5.36332 0.426753 -1.30348 -1.49754 -1.00869 1.06594
6.78 -5.37159 0.455747 -1.28217 -1.51771 -1.00869 1.06594
6.8 -5.3806 0.484944 -1.26085 -1.53789 -1.00869 1.06594
6.82 -5.39036 0.514325 -1.23953 -1.55806 -1.00869 1.06594
6.84 -5.40088 0.543871 -1.21821 -1.57823 -1.00869 1.06594
6.86 -5.41217 0.573564 -1.19689 -1.59841 -1.00869 1.06594
6.88 -5.42423 0.603384 -1.17557 -1.61858 -1.00869 1.06594
6.9 -5.4371 0.63331 -1.15425 -1.63875 -1.00869 1.06594
6.92 -5.45 0.663082 -1.16942 -1.60614 1.63072 -0.758374
6.94 -5.4622 0.692444 -1.18459 -1.57353 1.63072 -0.758374
6.96 -5.47371 0.721382 -1.19976 -1.54091 1.63072 -0.758374
6.98 -5.48455 0.749882 -1.21492 -1.5083 1.63072 -0.758374
7 -5.49474 0.77793 -1.23009 -1.47568 1.63072 -0.758374
7.02 -5.50428 0.805512 -1.24526 -1.44307 1.63072 -0.758374
7.04 -5.51321 0.832616 -1.26043 -1.41045 1.63072 -0.758374
7.06 -5.52152 0.85923 -1.27559 -1.37784 1.63072 -0.758374
7.08 -5.52925 0.885342 -1.29076 -1.34523 1.63072 -0.758374
7.1 -5.5364 0.910939 -1.30593 -1.31261 1.63072 -0.758374
7.12 -5.543 0.936012 -1.3211 -1.28 1.63072 -0.758374
7.14 -5.54906 0.960548 -1.33626 -1.24738 1.63072 -0.758374
7.16 -5.5546 0.984538 -1.35143 -1.21477 1.63072 -0.758374
7.18 -5.55964 1.00797 -1.3666 -1.18215 1.63072 -0.758374
7.2 -5.56419 1.03084 -1.38177 -1.14954 1.63072 -0.758374
7.22 -5.56828 1.05313 -1.39693 -1.11692 1.63072 -0.758374
7.24 -5.57193 1.07484 -1.4121 -1.08431 1.63072 -0.758374
7.26 -5.57514 1.09596 -1.42727 -1.0517 1.63072 -0.758374
7.28 -5.57795 1.11647 -1.44244 -1.01908 1.63072 -0.758374
7.3 -5.58037 1.13638 -1.4576 -0.986467 1.63072 -0.758374
7.32 -5.58234 1.15597 -1.48361 -0.982732 0.186775 -1.30044
7.34 -5.58379 1.17554 -1.50962 -0.978996 0.186775 -1.30044
7.36 -5.58473 1.19506 -1.53563 -0.975261 0.186775 -1.30044
7.38 -5.58516 1.21452 -1.56164 -0.971525 0.186775 -1.30044
7.4 -5.58509 1.23391 -1.58765 -0.96779 0.186775 -1.30044
7.42 -5.58451 1.25322 -1.61366 -0.964054 0.186775 -1.30044
7.44 -5.58344 1.27243 -1.63966 -0.960319 0.186775 -1.30044
7.46 -5.58187 1.29154 -1.66567 -0.956583 0.186775 -1.30044
7.48 -5.57982 1.31052 -1.69168 -0.952848 0.186775 -1.30044
7.5 -5.57728 1.32937 -1.71769 -0.949112 0.186775 -1.30044
7.52 -5.57426 1.34807 -1.7437 -0.945377 0.186775 -1.30044
7.54 -5.57077 1.36662 -1.76971 -0.941641 0.186775 -1.30044
7.56 -5.56682 1.38499 -1.79572 -0.937906 0.186775 -1.30044
7.58 -5.56241 1.40318 -1.82173 -0.93417 0.186775 -1.30044
7.6 -5.55754 1.42118 -1.84773 -0.930435 0.186775 -1.30044
7.62 -5.55224 1.43898 -1.87374 -0.926699 0.186775 -1.30044
7.64 -5.54649 1.45656 -1.89975 -0.922964 0.186775 -1.30044
7.66 -5.54031 1.47391 -1.92576 -0.919228 0.186775 -1.30044
7.68 -5.53371 1.49103 -1.95177 -0.915493 0.186775 -1.30044
7.7 -5.5267 1.50791 -1.97778 -0.911757 0.186775 -1.30044
7.72 -5.51928 1.52452 -2.00379 -0.908022 0.186775 -1.30044
7.74 -5.51146 1.54087 -2.0298 -0.904286 0.186775 -1.30044
7.76 -5.50326 1.55695 -2.0558 -0.900551 0.186775 -1.30044
7.78 -5.49467 1.57274 -2.08181 -0.896815 0.186775 -1.30044
7.8 -5.48571 1.58823 -2.10782 -0.89308 0.186775 -1.30044
7.82 -5.4764 1.60343 -2.13383 -0.889344 0.186775 -1.30044
7.84 -5.46673 1.61831 -2.15984 -0.885609 0.186775 -1.30044
7.86 -5.45672 1.63288 -2.18585 -0.881873 0.186775 -1.30044
7.88 -5.44638 1.64712 -2.21186 -0.878138 0.186775 -1.30044
7.9 -5.43572 1.66103 -2.23787 -0.874402 0.186775 -1.30044
7.92 -5.42474 1.6746 -2.26387 -0.870667 0.186775 -1.30044
7.94 -5.41347 1.68782 -2.28988 -0.866931 0.186775 -1.30044
7.96 -5.40191 1.70069 -2.31589 -0.863196 0.186775 -1.30044
7.98 -5.39006 1.71319 -2.3419 -0.85946 0.186775 -1.30044
8 -5.37795 1.72534 -2.36791 -0.855725 0.186775 -1.30044
8.02 -5.36558 1.73711 -2.39392 -0.851989 0.186775 -1.30044
8.04 -5.35296 1.74851 -2.41993 -0.848254 0.186775 -1.30044
8.06 -5.34011 1.75953 -2.44594 -0.844518 0.186775 -1.30044
8.08 -5.32704 1.77016 -2.47195 -0.840783 0.186775 -1.30044
8.1 -5.31375 1.7804 -2.49795 -0.837047 0.186775 -1.30044
8.12 -5.30026 1.79025 -2.52396 -0.833312 0.186775 -1.30044
8.14 -5.28658 1.7997 -2.54997 -0.829576 0.186775 -1.30044
8.16 -5.27322 1.80891 -2.52521 -0.793003 1.82867 1.23811
8.18 -5.26069 1.81803 -2.50045 -0.756429 1.82867 1.23811
8.2 -5.24897 1.827 -2.47569 -0.719856 1.82867 1.23811
8.22 -5.23804 1.8358 -2.45092 -0.683283 1.82867 1.23811
8.24 -5.2279 1.8444 -2.42616 -0.646709 1.82867 1.23811
8.26 -5.21851 1.85276 -2.4014 -0.610136 1.82867 1.23811
8.28 -5.20987 1.86085 -2.37664 -0.573563 1.82867 1.23811
8.3 -5.20195 1.86864 -2.35187 -0.536989 1.82867 1.23811
8.32 -5.19435 1.87633 -2.34886 -0.544838 -0.392437 0.150814
8.34 -5.18666 1.88416 -2.34584 -0.552687 -0.392437 0.150814
8.36 -5.17888 1.89213 -2.34283 -0.560536 -0.392437 0.150814
8.38 -5.17102 1.90023 -2.33981 -0.568384 -0.392437 0.150814
8.4 -5.16307 1.90846 -2.33679 -0.576233 -0.392437 0.150814
8.42 -5.15504 1.91684 -2.33378 -0.584082 -0.392437 0.150814
8.44 -5.14692 1.92535 -2.33076 -0.591931 -0.392437 0.150814
8.46 -5.13873 1.934 -2.32774 -0.599779 -0.392437 0.150814
8.48 -5.13045 1.94279 -2.32473 -0.607628 -0.392437 0.150814
8.5 -5.12209 1.95172 -2.32171 -0.615477 -0.392437 0.150814
8.52 -5.1139 1.96051 -2.32032 -0.58598 1.47483 0.0693463
8.54 -5.10612 1.96888 -2.31894 -0.556484 1.47483 0.0693463
8.56 -5.09875 1.97682 -2.31755 -0.526987 1.47483 0.0693463
8.58 -5.0918 1.98435 -2.31616 -0.497491 1.47483 0.0693463
8.6 -5.08526 1.99145 -2.31478 -0.467994 1.47483 0.0693463
8.62 -5.07912 1.99812 -2.31339 -0.438498 1.47483 0.0693463
8.64 -5.07307 2.0048 -2.30099 -0.463266 -1.2384 0.620103
8.66 -5.06677 2.01193 -2.28859 -0.488034 -1.2384 0.620103
8.68 -5.06023 2.01951 -2.27618 -0.512802 -1.2384 0.620103
8.7 -5.05347 2.02755 -2.26378 -0.53757 -1.2384 0.620103
8.72 -5.0465 2.03605 -2.25138 -0.562338 -1.2384 0.620103
8.74 -5.03932 2.04503 -2.23898 -0.587106 -1.2384 0.620103
8.76 -5.03195 2.05449 -2.22658 -0.611874 -1.2384 0.620103
8.78 -5.0244 2.06443 -2.21417 -0.636642 -1.2384 0.620103
8.8 -5.01668 2.07487 -2.20177 -0.66141 -1.2384 0.620103
8.82 -5.0088 2.0858 -2.18937 -0.686178 -1.2384 0.620103
8.84 -5.00077 2.09723 -2.17697 -0.710946 -1.2384 0.620103
8.86 -4.9926 2.10917 -2.16457 -0.735714 -1.2384 0.620103
8.88 -4.98431 2.12162 -2.15216 -0.760482 -1.2384 0.620103
8.9 -4.9759 2.13459 -2.13976 -0.78525 -1.2384 0.620103
8.92 -4.96739 2.14809 -2.12736 -0.810018 -1.2384 0.620103
8.94 -4.95878 2.16211 -2.11496 -0.834786 -1.2384 0.620103
8.96 -4.9501 2.17666 -2.10256 -0.859554 -1.2384 0.620103
8.98 -4.94136 2.19174 -2.09015 -0.884322 -1.2384 0.620103
9 -4.93255 2.20737 -2.07775 -0.90909 -1.2384 0.620103
9.02 -4.9237 2.22353 -2.06535 -0.933858 -1.2384 0.620103
9.04 -4.91483 2.24024 -2.05295 -0.958626 -1.2384 0.620103
9.06 -4.90593 2.25751 -2.04054 -0.983394 -1.2384 0.620103
9.08 -4.89702 2.27532 -2.02814 -1.00816 -1.2384 0.620103
9.1 -4.88813 2.29369 -2.01574 -1.03293 -1.2384 0.620103
9.12 -4.87924 2.31262 -2.00334 -1.0577 -1.2384 0.620103
9.14 -4.87039 2.3321 -1.99094 -1.08247 -1.2384 0.620103
9.16 -4.86159 2.35215 -1.97853 -1.10723 -1.2384 0.620103
9.18 -4.85284 2.37276 -1.96613 -1.132 -1.2384 0.620103
9.2 -4.84415 2.39394 -1.95373 -1.15677 -1.2384 0.620103
9.22 -4.83555 2.41568 -1.94133 -1.18154 -1.2384 0.620103
9.24 -4.82704 2.43799 -1.92893 -1.20631 -1.2384 0.620103
9.26 -4.81864 2.46087 -1.91652 -1.23107 -1.2384 0.620103
9.28 -4.81036 2.48432 -1.90412 -1.25584 -1.2384 0.620103
9.3 -4.80221 2.50834 -1.89172 -1.28061 -1.2384 0.620103
9.32 -4.79421 2.53293 -1.87932 -1.30538 -1.2384 0.620103
9.34 -4.78636 2.55809 -1.86692 -1.33015 -1.2384 0.620103
9.36 -4.77869 2.58382 -1.85451 -1.35491 -1.2384 0.620103
9.38 -4.77119 2.61012 -1.84211 -1.37968 -1.2384 0.620103
9.4 -4.7639 2.63699 -1.82971 -1.40445 -1.2384 0.620103
9.42 -4.75681 2.66443 -1.81731 -1.42922 -1.2384 0.620103
9.44 -4.74995 2.69243 -1.80491 -1.45399 -1.2384 0.620103
9.46 -4.74333 2.721 -1.7925 -1.47876 -1.2384 0.620103
9.48 -4.73695 2.75013 -1.7801 -1.50352 -1.2384 0.620103
9.5 -4.73084 2.77983 -1.7677 -1.52829 -1.2384 0.620103
9.52 -4.725 2.81008 -1.7553 -1.55306 -1.2384 0.620103
9.54 -4.71944 2.84089 -1.7429 -1.57783 -1.2384 0.620103
9.56 -4.71373 2.87158 -1.76669 -1.54345 1.71877 -1.18997
9.58 -4.70744 2.90145 -1.79049 -1.50908 1.71877 -1.18997
9.6 -4.70059 2.93049 -1.81429 -1.4747 1.71877 -1.18997
9.62 -4.69323 2.95869 -1.83809 -1.44033 1.71877 -1.18997
9.64 -4.68539 2.98605 -1.86189 -1.40595 1.71877 -1.18997
9.66 -4.6771 3.01256 -1.88569 -1.37157 1.71877 -1.18997
9.68 -4.66841 3.03822 -1.90949 -1.3372 1.71877 -1.18997
9.7 -4.65934 3.06301 -1.93329 -1.30282 1.71877 -1.18997
9.72 -4.64994 3.08694 -1.95709 -1.26845 1.71877 -1.18997
9.74 -4.64024 3.11001 -1.98089 -1.23407 1.71877 -1.18997
9.76 -4.63027 3.13221 -2.00469 -1.1997 1.71877 -1.18997
9.78 -4.62007 3.15355 -2.02849 -1.16532 1.71877 -1.18997
9.8 -4.60968 3.17403 -2.05229 -1.13095 1.71877 -1.18997
9.82 -4.59914 3.19365 -2.07609 -1.09657 1.71877 -1.18997
9.84 -4.58846 3.21241 -2.09989 -1.0622 1.71877 -1.18997
9.86 -4.5777 3.23033 -2.12369 -1.02782 1.71877 -1.18997
9.88 -4.56688 3.2474 -2.14748 -0.993446 1.71877 -1.18997
9.9 -4.55605 3.26364 -2.17128 -0.95907 1.71877 -1.18997
9.92 -4.54522 3.27906 -2.19508 -0.924695 1.71877 -1.18997
9.94 -4.53444 3.29366 -2.21888 -0.89032 1.71877 -1.18997
9.96 -4.52373 3.30745 -2.24268 -0.855944 1.71877 -1.18997
9.98 -4.51313 3.32046 -2.26648 -0.821569 1.71877 -1.18997
10 -4.50268 3.33268 -2.29028 -0.787194 1.71877 -1.18997
10.02 -4.49239 3.34414 -2.31408 -0.752818 1.71877 -1.18997
10.04 -4.48231 3.35486 -2.33788 -0.718443 1.71877 -1.18997
10.06 -4.47246 3.36484 -2.36168 -0.684067 1.71877 -1.18997
10.08 -4.46287 3.37411 -2.38548 -0.649692 1.71877 -1.18997
10.1 -4.45356 3.38268 -2.40928 -0.615317 1.71877 -1.18997
10.12 -4.44457 3.39057 -2.43308 -0.580941 1.71877 -1.18997
10.14 -4.43593 3.3978 -2.45688 -0.546566 1.71877 -1.18997
10.16 -4.42721 3.4048 -2.47361 -0.571451 -1.24428 -0.836569
10.18 -4.41798 3.41196 -2.49034 -0.596337 -1.24428 -0.836569
10.2 -4.40823 3.41926 -2.50707 -0.621223 -1.24428 -0.836569
10.22 -4.39796 3.42668 -2.5238 -0.646108 -1.24428 -0.836569
10.24 -4.38716 3.43422 -2.54053 -0.670994 -1.24428 -0.836569
10.26 -4.37583 3.44186 -2.55726 -0.695879 -1.24428 -0.836569
10.28 -4.36394 3.44957 -2.574 -0.720765 -1.24428 -0.836569
10.3 -4.35151 3.45735 -2.59073 -0.74565 -1.24428 -0.836569
10.32 -4.33853 3.46518 -2.60746 -0.770536 -1.24428 -0.836569
10.34 -4.32498 3.47303 -2.62419 -0.795421 -1.24428 -0.836569
10.36 -4.31088 3.48091 -2.64092 -0.820307 -1.24428 -0.836569
10.38 -4.2962 3.48878 -2.65765 -0.845192 -1.24428 -0.836569
10.4 -4.28095 3.49663 -2.67438 -0.870078 -1.24428 -0.836569
10.42 -4.26512 3.50445 -2.69112 -0.894963 -1.24428 -0.836569
10.44 -4.24872 3.51221 -2.70785 -0.919849 -1.24428 -0.836569
10.46 -4.23174 3.51991 -2.72458 -0.944734 -1.24428 -0.836569
10.48 -4.21417 3.52751 -2.74131 -0.96962 -1.24428 -0.836569
10.5 -4.19602 3.53501 -2.75804 -0.994506 -1.24428 -0.836569
10.52 -4.17728 3.54239 -2.77477 -1.01939 -1.24428 -0.836569
10.54 -4.1584 3.54964 -2.77509 -1.00294 0.822462 -0.0159993
10.56 -4.13983 3.55677 -2.77541 -0.986493 0.822462 -0.0159993
10.58 -4.12156 3.56377 -2.77573 -0.970043 0.822462 -0.0159993
10.6 -4.10359 3.57065 -2.77605 -0.953594 0.822462 -0.0159993
10.62 -4.08593 3.57741 -2.77637 -0.937145 0.822462 -0.0159993
10.64 -4.06858 3.58404 -2.77669 -0.920696 0.822462 -0.0159993
10.66 -4.05153 3.59055 -2.77701 -0.904246 0.822462 -0.0159993
10.68 -4.03479 3.59694 -2.77733 -0.887797 0.822462 -0.0159993
10.7 -4.01835 3.6032 -2.77765 -0.871348 0.822462 -0.0159993
10.72 -4.00221 3.60934 -2.77797 -0.854899 0.822462 -0.0159993
10.74 -3.98639 3.61536 -2.77829 -0.838449 0.822462 -0.0159993
10.76 -3.97087 3.62126 -2.77861 -0.822 0.822462 -0.0159993
10.78 -3.95565 3.62704 -2.77893 -0.805551 0.822462 -0.0159993
10.8 -3.94074 3.63269 -2.77925 -0.789102 0.822462 -0.0159993
10.82 -3.92614 3.63823 -2.77957 -0.772652 0.822462 -0.0159993
10.84 -3.91184 3.64364 -2.77989 -0.756203 0.822462 -0.0159993
10.86 -3.89784 3.64893 -2.78021 -0.739754 0.822462 -0.0159993
10.88 -3.88416 3.6541 -2.78053 -0.723305 0.822462 -0.0159993
10.9 -3.87078 3.65915 -2.78085 -0.706855 0.822462 -0.0159993
10.92 -3.8577 3.66408 -2.78117 -0.690406 0.822462 -0.0159993
10.94 -3.84494 3.66889 -2.78149 -0.673957 0.822462 -0.0159993
10.96 -3.83247 3.67358 -2.78181 -0.657508 0.822462 -0.0159993
10.98 -3.82032 3.67815 -2.78213 -0.641058 0.822462 -0.0159993
11 -3.80847 3.6826 -2.78245 -0.624609 0.822462 -0.0159993
11.02 -3.79693 3.68693 -2.78277 -0.60816 0.822462 -0.0159993
11.04 -3.78569 3.69114 -2.78309 -0.591711 0.822462 -0.0159993
11.06 -3.77477 3.69524 -2.78341 -0.575261 0.822462 -0.0159993
11.08 -3.76414 3.69938 -2.75669 -0.565437 0.491213 1.33593
11.1 -3.7538 3.70372 -2.72997 -0.555613 0.491213 1.33593
11.12 -3.74377 3.70826 -2.70326 -0.545789 0.491213 1.33593
11.14 -3.73404 3.71299 -2.67654 -0.535964 0.491213 1.33593
11.16 -3.72461 3.71787 -2.64982 -0.52614 0.491213 1.33593
11.18 -3.71549 3.72292 -2.6231 -0.516316 0.491213 1.33593
11.2 -3.70667 3.7281 -2.59638 -0.506492 0.491213 1.33593
11.22 -3.69816 3.73342 -2.56966 -0.496667 0.491213 1.33593
11.24 -3.68958 3.7389 -2.57695 -0.521619 -1.24759 -0.364278
11.26 -3.68054 3.74458 -2.58423 -0.546571 -1.24759 -0.364278
11.28 -3.67103 3.75046 -2.59152 -0.571523 -1.24759 -0.364278
11.3 -3.66105 3.75653 -2.59881 -0.596475 -1.24759 -0.364278
11.32 -3.6506 3.76278 -2.60609 -0.621427 -1.24759 -0.364278
11.34 -3.63967 3.76921 -2.61338 -0.646379 -1.24759 -0.364278
11.36 -3.62826 3.77581 -2.62066 -0.671331 -1.24759 -0.364278
11.38 -3.61638 3.78258 -2.62795 -0.696282 -1.24759 -0.364278
11.4 -3.604 3.7895 -2.63523 -0.721234 -1.24759 -0.364278
11.42 -3.59115 3.79657 -2.64252 -0.746186 -1.24759 -0.364278
11.44 -3.5778 3.80378 -2.6498 -0.771138 -1.24759 -0.364278
11.46 -3.56396 3.81113 -2.65709 -0.79609 -1.24759 -0.364278
11.48 -3.54962 3.81861 -2.66438 -0.821042 -1.24759 -0.364278
11.5 -3.53478 3.82621 -2.67166 -0.845994 -1.24759 -0.364278
11.52 -3.51945 3.83393 -2.67895 -0.870946 -1.24759 -0.364278
11.54 -3.50361 3.84176 -2.68623 -0.895898 -1.24759 -0.364278
11.56 -3.48726 3.84969 -2.69352 -0.92085 -1.24759 -0.364278
11.58 -3.47041 3.85771 -2.7008 -0.945801 -1.24759 -0.364278
11.6 -3.45304 3.86583 -2.70809 -0.970753 -1.24759 -0.364278
11.62 -3.43517 3.87402 -2.71537 -0.995705 -1.24759 -0.364278
11.64 -3.41678 3.88229 -2.72266 -1.02066 -1.24759 -0.364278
11.66 -3.39787 3.89063 -2.72995 -1.04561 -1.24759 -0.364278
11.68 -3.37845 3.89902 -2.73723 -1.07056 -1.24759 -0.364278
11.7 -3.3585 3.90747 -2.74452 -1.09551 -1.24759 -0.364278
11.72 -3.33804 3.91597 -2.7518 -1.12046 -1.24759 -0.364278
11.74 -3.31704 3.9245 -2.75909 -1.14542 -1.24759 -0.364278
11.76 -3.29553 3.93306 -2.76637 -1.17037 -1.24759 -0.364278
11.78 -3.27349 3.94165 -2.77366 -1.19532 -1.24759 -0.364278
11.8 -3.25092 3.95026 -2.78094 -1.22027 -1.24759 -0.364278
11.82 -3.22782 3.95888 -2.78823 -1.24522 -1.24759 -0.364278
11.84 -3.20418 3.96749 -2.79552 -1.27018 -1.24759 -0.364278
11.86 -3.18002 3.97611 -2.8028 -1.29513 -1.24759 -0.364278
11.88 -3.15532 3.98471 -2.81009 -1.32008 -1.24759 -0.364278
11.9 -3.13009 3.99329 -2.81737 -1.34503 -1.24759 -0.364278
11.92 -3.10432 4.00185 -2.82466 -1.36998 -1.24759 -0.364278
11.94 -3.07802 4.01037 -2.83194 -1.39494 -1.24759 -0.364278
11.96 -3.05118 4.01885 -2.83923 -1.41989 -1.24759 -0.364278
11.98 -3.0238 4.02728 -2.84651 -1.44484 -1.24759 -0.364278
12 -2.99588 4.03565 -2.8538 -1.46979 -1.24759 -0.364278
12.02 -2.96743 4.04396 -2.86109 -1.49474 -1.24759 -0.364278
12.04 -2.93843 4.0522 -2.86837 -1.51969 -1.24759 -0.364278
12.06 -2.90889 4.06036 -2.87566 -1.54465 -1.24759 -0.364278
12.08 -2.87882 4.06844 -2.88294 -1.5696 -1.24759 -0.364278
12.1 -2.8482 4.07642 -2.89023 -1.59455 -1.24759 -0.364278
12.12 -2.81704 4.0843 -2.89751 -1.6195 -1.24759 -0.364278
12.14 -2.78591 4.09203 -2.8989 -1.58792 1.57931 -0.0693194
12.16 -2.75538 4.09956 -2.90029 -1.55633 1.57931 -0.0693194
12.18 -2.72546 4.10691 -2.90167 -1.52474 1.57931 -0.0693194
12.2 -2.69614 4.11406 -2.90306 -1.49316 1.57931 -0.0693194
12.22 -2.66743 4.12102 -2.90444 -1.46157 1.57931 -0.0693194
12.24 -2.63932 4.12779 -2.90583 -1.42999 1.57931 -0.0693194
12.26 -2.61181 4.13438 -2.90722 -1.3984 1.57931 -0.0693194
12.28 -2.58491 4.14078 -2.9086 -1.36681 1.57931 -0.0693194
12.3 -2.55861 4.147 -2.90999 -1.33523 1.57931 -0.0693194
12.32 -2.53293 4.15304 -2.91138 -1.30364 1.57931 -0.0693194
12.34 -2.50785 4.1589 -2.91276 -1.27205 1.57931 -0.0693194
12.36 -2.48337 4.16459 -2.91415 -1.24047 1.57931 -0.0693194
12.38 -2.4595 4.17009 -2.91554 -1.20888 1.57931 -0.0693194
12.4 -2.43625 4.17542 -2.91692 -1.1773 1.57931 -0.0693194
12.42 -2.4136 4.18058 -2.91831 -1.14571 1.57931 -0.0693194
12.44 -2.39156 4.18557 -2.9197 -1.11412 1.57931 -0.0693194
12.46 -2.37012 4.19039 -2.92108 -1.08254 1.57931 -0.0693194
12.48 -2.3493 4.19504 -2.92247 -1.05095 1.57931 -0.0693194
12.5 -2.32909 4.19953 -2.92385 -1.01936 1.57931 -0.0693194
12.52 -2.30949 4.20385 -2.92524 -0.987778 1.57931 -0.0693194
12.54 -2.2905 4.20801 -2.92663 -0.956191 1.57931 -0.0693194
12.56 -2.27212 4.21201 -2.92801 -0.924605 1.57931 -0.0693194
12.58 -2.25436 4.21585 -2.9294 -0.893019 1.57931 -0.0693194
12.6 -2.2372 4.21954 -2.93079 -0.861433 1.57931 -0.0693194
12.62 -2.22066 4.22306 -2.93217 -0.829847 1.57931 -0.0693194
12.64 -2.20474 4.22644 -2.93356 -0.79826 1.57931 -0.0693194
12.66 -2.18942 4.22966 -2.93495 -0.766674 1.57931 -0.0693194
12.68 -2.17472 4.23273 -2.93633 -0.735088 1.57931 -0.0693194
12.7 -2.16064 4.23565 -2.93772 -0.703502 1.57931 -0.0693194
12.72 -2.14716 4.23843 -2.9391 -0.671915 1.57931 -0.0693194
12.74 -2.13413 4.24101 -2.95296 -0.657172 0.737165 -0.692942
12.76 -2.12134 4.24336 -2.96682 -0.642429 0.737165 -0.692942
12.78 -2.10882 4.24548 -2.98068 -0.627685 0.737165 -0.692942
12.8 -2.09656 4.24739 -2.99454 -0.612942 0.737165 -0.692942
12.82 -2.08457 4.24908 -3.0084 -0.598199 0.737165 -0.692942
12.84 -2.07285 4.25057 -3.02226 -0.583456 0.737165 -0.692942
12.86 -2.0614 4.25186 -3.03612 -0.568712 0.737165 -0.692942
12.88 -2.05023 4.25296 -3.04998 -0.553969 0.737165 -0.692942
12.9 -2.05048 4.25317 -3.00851 -0.531341 1.86858 1.38013
12.92 -2.04033 4.25466 -2.98091 -0.493969 1.86858 1.38013
12.94 -2.03097 4.25631 -2.95331 -0.456597 1.86858 1.38013
12.96 -2.02239 4.25807 -2.92571 -0.419226 1.86858 1.38013
12.98 -2.01459 4.25989 -2.8981 -0.381854 1.86858 1.38013
13 -2.00757 4.26174 -2.8705 -0.344482 1.86858 1.38013
13.02 -2.00131 4.26357 -2.8429 -0.307111 1.86858 1.38013
13.04 -1.99583 4.26534 -2.8153 -0.269739 1.86858 1.38013
13.06 -1.99109 4.26701 -2.78769 -0.232367 1.86858 1.38013
13.08 -1.9871 4.26855 -2.76009 -0.194996 1.86858 1.38013
13.1 -1.98368 4.26998 -2.73115 -0.176075 0.946022 1.44708
13.12 -1.98064 4.27135 -2.70221 -0.157155 0.946022 1.44708
13.14 -1.97799 4.27264 -2.67327 -0.138234 0.946022 1.44708
13.16 -1.97571 4.27384 -2.64432 -0.119314 0.946022 1.44708
13.18 -1.97379 4.27491 -2.61538 -0.100393 0.946022 1.44708
13.2 -1.97223 4.27585 -2.58644 -0.0814729 0.946022 1.44708
13.22 -1.97102 4.27662 -2.5575 -0.0625525 0.946022 1.44708
13.24 -1.97014 4.27722 -2.52856 -0.043632 0.946022 1.44708
13.26 -1.96959 4.27762 -2.49962 -0.0247116 0.946022 1.44708
13.28 -1.96934 4.27781 -2.47068 -0.00579117 0.946022 1.44708
13.3 -1.9694 4.27776 -2.44173 0.0131293 0.946022 1.44708
13.32 -1.96974 4.27746 -2.41279 0.0320497 0.946022 1.44708
13.34 -1.97035 4.2769 -2.38385 0.0509702 0.946022 1.44708
13.36 -1.97122 4.27606 -2.35491 0.0698906 0.946022 1.44708
13.38 -1.97232 4.27492 -2.32597 0.088811 0.946022 1.44708
13.4 -1.97365 4.27347 -2.29703 0.107731 0.946022 1.44708
13.42 -1.97518 4.27169 -2.26809 0.126652 0.946022 1.44708
13.44 -1.97689 4.26958 -2.23914 0.145572 0.946022 1.44708
13.46 -1.97878 4.26712 -2.2102 0.164493 0.946022 1.44708
13.48 -1.98081 4.2643 -2.18126 0.183413 0.946022 1.44708
13.5 -1.98298 4.2611 -2.15232 0.202334 0.946022 1.44708
13.52 -1.98525 4.25753 -2.12338 0.221254 0.946022 1.44708
13.54 -1.98762 4.25357 -2.09444 0.240175 0.946022 1.44708
13.56 -1.99005 4.24921 -2.06549 0.259095 0.946022 1.44708
13.58 -1.99253 4.24444 -2.03655 0.278015 0.946022 1.44708
13.6 -1.99504 4.23927 -2.00761 0.296936 0.946022 1.44708
13.62 -1.99755 4.23368 -1.97867 0.315856 0.946022 1.44708
13.64 -2.00004 4.22767 -1.94973 0.334777 0.946022 1.44708
13.66 -2.00249 4.22124 -1.92079 0.353697 0.946022 1.44708
13.68 -2.00488 4.21438 -1.89185 0.372618 0.946022 1.44708
13.7 -2.00719 4.20709 -1.8629 0.391538 0.946022 1.44708
13.72 -2.00939 4.19938 -1.83396 0.410459 0.946022 1.44708
13.74 -2.01145 4.19124 -1.80502 0.429379 0.946022 1.44708
13.76 -2.01336 4.18268 -1.77608 0.448299 0.946022 1.44708
13.78 -2.0151 4.17369 -1.74714 0.46722 0.946022 1.44708
13.8 -2.01663 4.16428 -1.7182 0.48614 0.946022 1.44708
13.82 -2.01795 4.15445 -1.68925 0.505061 0.946022 1.44708
13.84 -2.01901 4.14422 -1.66031 0.523981 0.946022 1.44708
13.86 -2.01981 4.13358 -1.63137 0.542902 0.946022 1.44708
13.88 -2.02032 4.12255 -1.60243 0.561822 0.946022 1.44708
13.9 -2.02052 4.11112 -1.57349 0.580742 0.946022 1.44708
13.92 -2.02038 4.09932 -1.54455 0.599663 0.946022 1.44708
13.94 -2.01988 4.08715 -1.51561 0.618583 0.946022 1.44708
13.96 -2.01901 4.07462 -1.48666 0.637504 0.946022 1.44708
13.98 -2.01773 4.06174 -1.45772 0.656424 0.946022 1.44708
14 -2.01604 4.04853 -1.42878 0.675345 0.946022 1.44708
14.02 -2.01398 4.03525 -1.40556 0.6689 -0.322255 1.1613
14.04 -2.01164 4.02214 -1.38233 0.662454 -0.322255 1.1613
14.06 -2.00902 4.00922 -1.3591 0.656009 -0.322255 1.1613
14.08 -2.00613 3.99649 -1.33588 0.649564 -0.322255 1.1613
14.1 -2.00297 3.98395 -1.31265 0.643119 -0.322255 1.1613
14.12 -1.99956 3.97162 -1.28943 0.636674 -0.322255 1.1613
14.14 -1.9959 3.95949 -1.2662 0.630229 -0.322255 1.1613
14.16 -1.992 3.94757 -1.24297 0.623784 -0.322255 1.1613
14.18 -1.98787 3.93587 -1.21975 0.617339 -0.322255 1.1613
14.2 -1.98351 3.92439 -1.19652 0.610894 -0.322255 1.1613
14.22 -1.97894 3.91313 -1.1733 0.604449 -0.322255 1.1613
14.24 -1.97416 3.90209 -1.15007 0.598004 -0.322255 1.1613
14.26 -1.96917 3.89129 -1.12684 0.591558 -0.322255 1.1613
14.28 -1.964 3.88073 -1.10362 0.585113 -0.322255 1.1613
14.3 -1.95864 3.8704 -1.08039 0.578668 -0.322255 1.1613
14.32 -1.9531 3.86031 -1.05717 0.572223 -0.322255 1.1613
14.34 -1.94739 3.85046 -1.03394 0.565778 -0.322255 1.1613
14.36 -1.94153 3.84086 -1.01071 0.559333 -0.322255 1.1613
14.38 -1.93551 3.83151 -0.987488 0.552888 -0.322255 1.1613
14.4 -1.92935 3.8224 -0.964262 0.546443 -0.322255 1.1613
14.42 -1.92305 3.81355 -0.941036 0.539998 -0.322255 1.1613
14.44 -1.91663 3.80495 -0.91781 0.533553 -0.322255 1.1613
14.46 -1.91009 3.7966 -0.894584 0.527108 -0.322255 1.1613
14.48 -1.90344 3.7885 -0.871358 0.520662 -0.322255 1.1613
14.5 -1.89668 3.78066 -0.848132 0.514217 -0.322255 1.1613
14.52 -1.88984 3.77308 -0.824906 0.507772 -0.322255 1.1613
14.54 -1.8829 3.76575 -0.80168 0.501327 -0.322255 1.1613
14.56 -1.87589 3.75867 -0.778454 0.494882 -0.322255 1.1613
14.58 -1.86881 3.75185 -0.755228 0.488437 -0.322255 1.1613
14.6 -1.86167 3.74528 -0.732002 0.481992 -0.322255 1.1613
14.62 -1.85447 3.73896 -0.708776 0.475547 -0.322255 1.1613
14.64 -1.84723 3.73289 -0.68555 0.469102 -0.322255 1.1613
14.66 -1.83995 3.72708 -0.662324 0.462657 -0.322255 1.1613
14.68 -1.83264 3.72151 -0.639098 0.456212 -0.322255 1.1613
14.7 -1.82531 3.71619 -0.615872 0.449766 -0.322255 1.1613
14.72 -1.81796 3.71112 -0.592646 0.443321 -0.322255 1.1613
14.74 -1.8106 3.70629 -0.56942 0.436876 -0.322255 1.1613
14.76 -1.80324 3.7017 -0.546194 0.430431 -0.322255 1.1613
14.78 -1.79589 3.69734 -0.522968 0.423986 -0.322255 1.1613
14.8 -1.78855 3.69323 -0.499742 0.417541 -0.322255 1.1613
14.82 -1.78123 3.68934 -0.476516 0.411096 -0.322255 1.1613
14.84 -1.77394 3.68568 -0.45329 0.404651 -0.322255 1.1613
14.86 -1.76667 3.68204 -0.475847 0.408978 0.216359 -1.12781
14.88 -1.7594 3.67819 -0.498403 0.413305 0.216359 -1.12781
14.9 -1.75215 3.67413 -0.520959 0.417632 0.216359 -1.12781
14.92 -1.74491 3.66987 -0.543515 0.42196 0.216359 -1.12781
14.94 -1.7377 3.6654 -0.566071 0.426287 0.216359 -1.12781
14.96 -1.73052 3.66073 -0.588628 0.430614 0.216359 -1.12781
14.98 -1.72338 3.65584 -0.611184 0.434941 0.216359 -1.12781
15 -1.71628 3.65074 -0.63374 0.439268 0.216359 -1.12781
15.02 -1.70922 3.64544 -0.656296 0.443595 0.216359 -1.12781
15.04 -1.70222 3.63992 -0.678852 0.447923 0.216359 -1.12781
15.06 -1.69528 3.63419 -0.701409 0.45225 0.216359 -1.12781
15.08 -1.6884 3.62824 -0.723965 0.456577 0.216359 -1.12781
15.1 -1.6816 3.62209 -0.746521 0.460904 0.216359 -1.12781
15.12 -1.67487 3.61572 -0.769077 0.465231 0.216359 -1.12781
15.14 -1.66823 3.60915 -0.791633 0.469559 0.216359 -1.12781
15.16 -1.66168 3.60236 -0.81419 0.473886 0.216359 -1.12781
15.18 -1.65522 3.59536 -0.836746 0.478213 0.216359 -1.12781
15.2 -1.64887 3.58816 -0.859302 0.48254 0.216359 -1.12781
15.22 -1.64262 3.58075 -0.881858 0.486867 0.216359 -1.12781
15.24 -1.63627 3.57304 -0.88162 0.511178 1.21556 0.0118871
15.26 -1.62962 3.56496 -0.881383 0.535489 1.21556 0.0118871
15.28 -1.62265 3.55651 -0.881145 0.559801 1.21556 0.0118871
15.3 -1.61537 3.54769 -0.880907 0.584112 1.21556 0.0118871
15.32 -1.60778 3.53849 -0.880669 0.608423 1.21556 0.0118871
15.34 -1.59988 3.52892 -0.880432 0.632734 1.21556 0.0118871
15.36 -1.59166 3.51898 -0.880194 0.657045 1.21556 0.0118871
15.38 -1.58313 3.50866 -0.879956 0.681356 1.21556 0.0118871
15.4 -1.5743 3.49797 -0.879718 0.705667 1.21556 0.0118871
15.42 -1.56514 3.48691 -0.879481 0.729978 1.21556 0.0118871
15.44 -1.55568 3.47548 -0.879243 0.754289 1.21556 0.0118871
15.46 -1.5459 3.46367 -0.879005 0.778601 1.21556 0.0118871
15.48 -1.53581 3.45149 -0.878767 0.802912 1.21556 0.0118871
15.5 -1.52541 3.43894 -0.87853 0.827223 1.21556 0.0118871
15.52 -1.51469 3.42602 -0.878292 0.851534 1.21556 0.0118871
15.54 -1.50366 3.41273 -0.878054 0.875845 1.21556 0.0118871
15.56 -1.49232 3.39906 -0.877817 0.900156 1.21556 0.0118871
15.58 -1.48066 3.38503 -0.877579 0.924467 1.21556 0.0118871
15.6 -1.46869 3.37062 -0.877341 0.948778 1.21556 0.0118871
15.62 -1.4564 3.35584 -0.877103 0.973089 1.21556 0.0118871
15.64 -1.44438 3.34098 -0.904216 0.938025 -1.75324 -1.35565
15.66 -1.43319 3.32636 -0.931329 0.90296 -1.75324 -1.35565
15.68 -1.42282 3.31201 -0.958443 0.867895 -1.75324 -1.35565
15.7 -1.41323 3.29797 -0.985556 0.83283 -1.75324 -1.35565
15.72 -1.40441 3.28426 -1.01267 0.797766 -1.75324 -1.35565
15.74 -1.39632 3.27091 -1.03978 0.762701 -1.75324 -1.35565
15.76 -1.38895 3.25796 -1.06689 0.727636 -1.75324 -1.35565
15.78 -1.38226 3.24543 -1.09401 0.692572 -1.75324 -1.35565
15.8 -1.37623 3.23335 -1.12112 0.657507 -1.75324 -1.35565
15.82 -1.37082 3.22175 -1.14823 0.622442 -1.75324 -1.35565
15.84 -1.36601 3.21065 -1.17535 0.587377 -1.75324 -1.35565
15.86 -1.36176 3.20008 -1.20246 0.552313 -1.75324 -1.35565
15.88 -1.35804 3.19005 -1.22957 0.517248 -1.75324 -1.35565
15.9 -1.35482 3.18059 -1.25669 0.482183 -1.75324 -1.35565
15.92 -1.35207 3.17171 -1.2838 0.447118 -1.75324 -1.35565
15.94 -1.34975 3.16344 -1.31091 0.412054 -1.75324 -1.35565
15.96 -1.34782 3.15579 -1.33803 0.376989 -1.75324 -1.35565
15.98 -1.34626 3.14877 -1.36514 0.341924 -1.75324 -1.35565
16 -1.34502 3.1424 -1.39225 0.306859 -1.75324 -1.35565
16.02 -1.34407 3.1367 -1.41937 0.271795 -1.75324 -1.35565
16.04 -1.34337 3.13166 -1.44648 0.23673 -1.75324 -1.35565
16.06 -1.34288 3.1273 -1.47359 0.201665 -1.75324 -1.35565
16.08 -1.34257 3.12363 -1.5007 0.166601 -1.75324 -1.35565
16.1 -1.3424 3.12066 -1.52782 0.131536 -1.75324 -1.35565
16.12 -1.34226 3.11809 -1.50385 0.126007 -0.27645 1.19844
16.14 -1.34206 3.11563 -1.47988 0.120478 -0.27645 1.19844
16.16 -1.34182 3.11329 -1.45591 0.114949 -0.27645 1.19844
16.18 -1.34154 3.11106 -1.43194 0.10942 -0.27645 1.19844
16.2 -1.34122 3.10895 -1.40797 0.103891 -0.27645 1.19844
16.22 -1.34087 3.10696 -1.384 0.0983618 -0.27645 1.19844
16.24 -1.34049 3.10509 -1.36004 0.0928328 -0.27645 1.19844
16.26 -1.34009 3.10333 -1.33607 0.0873038 -0.27645 1.19844
16.28 -1.33968 3.10169 -1.3121 0.0817748 -0.27645 1.19844
16.3 -1.33926 3.10017 -1.28813 0.0762458 -0.27645 1.19844
16.32 -1.33883 3.09876 -1.26416 0.0707168 -0.27645 1.19844
16.34 -1.33841 3.09747 -1.24019 0.0651878 -0.27645 1.19844
16.36 -1.33799 3.0963 -1.21622 0.0596588 -0.27645 1.19844
16.38 -1.33758 3.09523 -1.19225 0.0541298 -0.27645 1.19844
16.4 -1.33719 3.09428 -1.16828 0.0486007 -0.27645 1.19844
16.42 -1.33682 3.09344 -1.14432 0.0430717 -0.27645 1.19844
16.44 -1.33648 3.09271 -1.12035 0.0375427 -0.27645 1.19844
16.46 -1.33617 3.09209 -1.09638 0.0320137 -0.27645 1.19844
16.48 -1.33579 3.09135 -1.09166 0.05106 0.952312 0.236089
16.5 -1.33522 3.09028 -1.08693 0.0701062 0.952312 0.236089
16.52 -1.33448 3.08887 -1.08221 0.0891525 0.952312 0.236089
16.54 -1.33355 3.08713 -1.07749 0.108199 0.952312 0.236089
16.56 -1.33243 3.08506 -1.07277 0.127245 0.952312 0.236089
16.58 -1.33112 3.08266 -1.06805 0.146291 0.952312 0.236089
16.6 -1.32961 3.07993 -1.06333 0.165337 0.952312 0.236089
16.62 -1.3279 3.07688 -1.0586 0.184384 0.952312 0.236089
16.64 -1.32599 3.0735 -1.05388 0.20343 0.952312 0.236089
16.66 -1.32388 3.06981 -1.04916 0.222476 0.952312 0.236089
16.68 -1.32156 3.06579 -1.04444 0.241522 0.952312 0.236089
16.7 -1.31902 3.06145 -1.03972 0.260569 0.952312 0.236089
16.72 -1.31628 3.0568 -1.03499 0.279615 0.952312 0.236089
16.74 -1.31331 3.05184 -1.03027 0.298661 0.952312 0.236089
16.76 -1.31013 3.04656 -1.02555 0.317707 0.952312 0.236089
16.78 -1.30672 3.04097 -1.02083 0.336754 0.952312 0.236089
16.8 -1.30309 3.03508 -1.01611 0.3558 0.952312 0.236089
16.82 -1.29923 3.02888 -1.01139 0.374846 0.952312 0.236089
16.84 -1.29513 3.02237 -1.00666 0.393892 0.952312 0.236089
16.86 -1.2908 3.01556 -1.00194 0.412939 0.952312 0.236089
16.88 -1.28623 3.00845 -0.99722 0.431985 0.952312 0.236089
16.9 -1.28142 3.00105 -0.992498 0.451031 0.952312 0.236089
16.92 -1.27637 2.99335 -0.987777 0.470077 0.952312 0.236089
16.94 -1.27107 2.98535 -0.983055 0.489124 0.952312 0.236089
16.96 -1.26551 2.97719 -0.962362 0.498709 0.479272 1.03465
16.98 -1.25967 2.96899 -0.941669 0.508294 0.479272 1.03465
17 -1.25354 2.96075 -0.920976 0.51788 0.479272 1.03465
17.02 -1.24713 2.9525 -0.900283 0.527465 0.479272 1.03465
17.04 -1.24043 2.94422 -0.87959 0.537051 0.479272 1.03465
17.06 -1.23344 2.93595 -0.858897 0.546636 0.479272 1.03465
17.08 -1.22615 2.92767 -0.838204 0.556222 0.479272 1.03465
17.1 -1.21855 2.91941 -0.81751 0.565807 0.479272 1.03465
17.12 -1.21093 2.91136 -0.807852 0.543047 -1.13801 0.482938
17.14 -1.20355 2.90371 -0.798193 0.520287 -1.13801 0.482938
17.16 -1.19641 2.89645 -0.788534 0.497526 -1.13801 0.482938
17.18 -1.18952 2.88959 -0.778875 0.474766 -1.13801 0.482938
17.2 -1.18289 2.88311 -0.769217 0.452006 -1.13801 0.482938
17.22 -1.17653 2.87701 -0.759558 0.429246 -1.13801 0.482938
17.24 -1.17045 2.87129 -0.749899 0.406485 -1.13801 0.482938
17.26 -1.16464 2.86593 -0.74024 0.383725 -1.13801 0.482938
17.28 -1.15912 2.86093 -0.730582 0.360965 -1.13801 0.482938
17.3 -1.15389 2.85629 -0.720923 0.338205 -1.13801 0.482938
17.32 -1.14895 2.852 -0.711264 0.315444 -1.13801 0.482938
17.34 -1.14433 2.84805 -0.701605 0.292684 -1.13801 0.482938
17.36 -1.14001 2.84444 -0.691947 0.269924 -1.13801 0.482938
17.38 -1.13602 2.84116 -0.682288 0.247164 -1.13801 0.482938
17.4 -1.13234 2.8382 -0.672629 0.224403 -1.13801 0.482938
17.42 -1.129 2.83557 -0.66297 0.201643 -1.13801 0.482938
17.44 -1.12599 2.83324 -0.653312 0.178883 -1.13801 0.482938
17.46 -1.12332 2.83121 -0.643653 0.156123 -1.13801 0.482938
17.48 -1.12099 2.82949 -0.633994 0.133362 -1.13801 0.482938
17.5 -1.11902 2.82805 -0.624335 0.110602 -1.13801 0.482938
17.52 -1.11741 2.8269 -0.614677 0.0878418 -1.13801 0.482938
17.54 -1.11615 2.82602 -0.605018 0.0650815 -1.13801 0.482938
17.56 -1.11527 2.82542 -0.595359 0.0423213 -1.13801 0.482938
17.58 -1.11475 2.82507 -0.5857 0.019561 -1.13801 0.482938
17.6 -1.11462 2.82498 -0.576042 -0.00319925 -1.13801 0.482938
17.62 -1.11486 2.82514 -0.566383 -0.0259595 -1.13801 0.482938
17.64 -1.1155 2.82554 -0.556724 -0.0487198 -1.13801 0.482938
17.66 -1.11652 2.82617 -0.547065 -0.07148 -1.13801 0.482938
17.68 -1.11794 2.82702 -0.537407 -0.0942403 -1.13801 0.482938
17.7 -1.11976 2.82809 -0.527748 -0.117001 -1.13801 0.482938
17.72 -1.12198 2.82938 -0.518089 -0.139761 -1.13801 0.482938
17.74 -1.12462 2.83086 -0.50843 -0.162521 -1.13801 0.482938
17.76 -1.12766 2.83254 -0.498772 -0.185281 -1.13801 0.482938
17.78 -1.13113 2.8344 -0.489113 -0.208042 -1.13801 0.482938
17.8 -1.13501 2.83644 -0.479454 -0.230802 -1.13801 0.482938
17.82 -1.13932 2.83866 -0.469795 -0.253562 -1.13801 0.482938
17.84 -1.14359 2.84084 -0.473652 -0.226009 1.37765 -0.192815
17.86 -1.14736 2.84278 -0.477508 -0.198456 1.37765 -0.192815
17.88 -1.15064 2.84448 -0.481364 -0.170903 1.37765 -0.192815
17.9 -1.15342 2.84594 -0.48522 -0.14335 1.37765 -0.192815
17.92 -1.15571 2.84716 -0.489077 -0.115797 1.37765 -0.192815
17.94 -1.15751 2.84812 -0.492933 -0.0882442 1.37765 -0.192815
17.96 -1.15882 2.84883 -0.496789 -0.0606912 1.37765 -0.192815
17.98 -1.15965 2.84927 -0.500646 -0.0331382 1.37765 -0.192815
18 -1.15999 2.84946 -0.504502 -0.00558521 1.37765 -0.192815
18.02 -1.15984 2.84938 -0.508358 0.0219678 1.37765 -0.192815
18.04 -1.15922 2.84903 -0.512215 0.0495208 1.37765 -0.192815
18.06 -1.15812 2.84841 -0.516071 0.0770737 1.37765 -0.192815
18.08 -1.15654 2.84751 -0.519927 0.104627 1.37765 -0.192815
18.1 -1.15449 2.84633 -0.523783 0.13218 1.37765 -0.192815
18.12 -1.15196 2.84486 -0.52764 0.159733 1.37765 -0.192815
18.14 -1.14897 2.84311 -0.531496 0.187286 1.37765 -0.192815
18.16 -1.14551 2.84107 -0.535352 0.214839 1.37765 -0.192815
18.18 -1.14158 2.83873 -0.539209 0.242392 1.37765 -0.192815
18.2 -1.13745 2.83629 -0.524677 0.237006 -0.269292 0.726598
18.22 -1.13337 2.83398 -0.510145 0.23162 -0.269292 0.726598
18.24 -1.12936 2.83177 -0.495613 0.226234 -0.269292 0.726598
18.26 -1.12541 2.82967 -0.481081 0.220848 -0.269292 0.726598
18.28 -1.12153 2.82768 -0.466549 0.215462 -0.269292 0.726598
18.3 -1.11772 2.82579 -0.452017 0.210077 -0.269292 0.726598
18.32 -1.11397 2.82401 -0.437485 0.204691 -0.269292 0.726598
18.34 -1.1103 2.82232 -0.422953 0.199305 -0.269292 0.726598
18.36 -1.1067 2.82074 -0.408421 0.193919 -0.269292 0.726598
18.38 -1.10318 2.81924 -0.393889 0.188533 -0.269292 0.726598
18.4 -1.09974 2.81784 -0.379357 0.183147 -0.269292 0.726598
18.42 -1.09638 2.81653 -0.364825 0.177762 -0.269292 0.726598
18.44 -1.0931 2.8153 -0.350293 0.172376 -0.269292 0.726598
18.46 -1.0899 2.81416 -0.335761 0.16699 -0.269292 0.726598
18.48 -1.08679 2.8131 -0.321229 0.161604 -0.269292 0.726598
18.5 -1.08377 2.81212 -0.306697 0.156218 -0.269292 0.726598
18.52 -1.08084 2.81121 -0.292165 0.150832 -0.269292 0.726598
18.54 -1.07799 2.81038 -0.277633 0.145446 -0.269292 0.726598
18.56 -1.07524 2.80962 -0.263101 0.140061 -0.269292 0.726598
18.58 -1.07258 2.80892 -0.24857 0.134675 -0.269292 0.726598
18.6 -1.07002 2.80829 -0.234038 0.129289 -0.269292 0.726598
18.62 -1.06755 2.80772 -0.219506 0.123903 -0.269292 0.726598
18.64 -1.06518 2.80721 -0.204974 0.118517 -0.269292 0.726598
18.66 -1.06291 2.80676 -0.190442 0.113131 -0.269292 0.726598
18.68 -1.06074 2.80635 -0.17591 0.107746 -0.269292 0.726598
18.7 -1.05867 2.806 -0.161378 0.10236 -0.269292 0.726598
18.72 -1.0567 2.8057 -0.146846 0.0969739 -0.269292 0.726598
18.74 -1.05483 2.80543 -0.132314 0.091588 -0.269292 0.726598
18.76 -1.05307 2.80521 -0.117782 0.0862022 -0.269292 0.726598
18.78 -1.05141 2.80503 -0.10325 0.0808163 -0.269292 0.726598
18.8 -1.04985 2.80488 -0.088718 0.0754305 -0.269292 0.726598
18.82 -1.0484 2.80476 -0.074186 0.0700446 -0.269292 0.726598
18.84 -1.04706 2.80467 -0.059654 0.0646588 -0.269292 0.726598
18.86 -1.04582 2.8046 -0.0451221 0.0592729 -0.269292 0.726598
18.88 -1.04469 2.80456 -0.0305901 0.0538871 -0.269292 0.726598
18.9 -1.04367 2.80454 -0.0160582 0.0485013 -0.269292 0.726598
18.92 -1.04275 2.80453 -0.0015262 0.0431154 -0.269292 0.726598
18.94 -1.04154 2.80454 0.0169406 0.0782963 1.75904 0.92334
18.96 -1.03962 2.80459 0.0354074 0.113477 1.75904 0.92334
18.98 -1.037 2.80471 0.0538742 0.148658 1.75904 0.92334
19 -1.03368 2.80492 0.072341 0.183839 1.75904 0.92334
19.02 -1.02967 2.80525 0.0908078 0.21902 1.75904 0.92334
19.04 -1.02521 2.80568 0.10305 0.229027 0.500339 0.6121
19.06 -1.02056 2.80619 0.115292 0.239033 0.500339 0.6121
19.08 -1.01571 2.80678 0.127534 0.24904 0.500339 0.6121
19.1 -1.01068 2.80746 0.139776 0.259047 0.500339 0.6121
19.12 -1.00545 2.80823 0.152018 0.269054 0.500339 0.6121
19.14 -1.00004 2.80909 0.16426 0.279061 0.500339 0.6121
19.16 -0.99444 2.81006 0.176502 0.289067 0.500339 0.6121
19.18 -0.988656 2.81112 0.188744 0.299074 0.500339 0.6121
19.2 -0.98269 2.8123 0.200986 0.309081 0.500339 0.6121
19.22 -0.976542 2.81359 0.213228 0.319088 0.500339 0.6121
19.24 -0.970216 2.815 0.22547 0.329094 0.500339 0.6121
19.26 -0.963712 2.81654 0.237712 0.339101 0.500339 0.6121
19.28 -0.957034 2.8182 0.249954 0.349108 0.500339 0.6121
19.3 -0.950183 2.81999 0.262196 0.359115 0.500339 0.6121
19.32 -0.943161 2.82192 0.274438 0.369122 0.500339 0.6121
19.34 -0.935971 2.824 0.28668 0.379128 0.500339 0.6121
19.36 -0.928616 2.82621 0.298922 0.389135 0.500339 0.6121
19.38 -0.921097 2.82858 0.311164 0.399142 0.500339 0.6121
19.4 -0.913418 2.8311 0.323406 0.409149 0.500339 0.6121
19.42 -0.90558 2.83378 0.335648 0.419156 0.500339 0.6121
19.44 -0.897588 2.83663 0.34789 0.429162 0.500339 0.6121
19.46 -0.889443 2.83964 0.360132 0.439169 0.500339 0.6121
19.48 -0.881149 2.84282 0.372374 0.449176 0.500339 0.6121
19.5 -0.872708 2.84618 0.384616 0.459183 0.500339 0.6121
19.52 -0.864125 2.84971 0.396858 0.469189 0.500339 0.6121
19.54 -0.855401 2.85343 0.4091 0.479196 0.500339 0.6121
19.56 -0.84654 2.85734 0.421342 0.489203 0.500339 0.6121
19.58 -0.837545 2.86144 0.433584 0.49921 0.500339 0.6121
19.6 -0.82842 2.86573 0.445826 0.509217 0.500339 0.6121
19.62 -0.819168 2.87022 0.458068 0.519223 0.500339 0.6121
19.64 -0.809793 2.87491 0.47031 0.52923 0.500339 0.6121
19.66 -0.800299 2.87981 0.482552 0.539237 0.500339 0.6121
19.68 -0.790688 2.88492 0.494794 0.549244 0.500339 0.6121
19.7 -0.780965 2.89025 0.507036 0.559251 0.500339 0.6121
19.72 -0.771134 2.89579 0.519278 0.569257 0.500339 0.6121
19.74 -0.761198 2.90155 0.53152 0.579264 0.500339 0.6121
19.76 -0.751161 2.90753 0.543762 0.589271 0.500339 0.6121
19.78 -0.741028 2.91374 0.556004 0.599278 0.500339 0.6121
19.8 -0.730802 2.92019 0.568246 0.609284 0.500339 0.6121
19.82 -0.720488 2.92686 0.580488 0.619291 0.500339 0.6121
19.84 -0.71009 2.93377 0.59273 0.629298 0.500339 0.6121
19.86 -0.699611 2.94092 0.604972 0.639305 0.500339 0.6121
19.88 -0.689058 2.94832 0.617214 0.649312 0.500339 0.6121
19.9 -0.678433 2.95596 0.629456 0.659318 0.500339 0.6121
19.92 -0.667741 2.96384 0.641698 0.669325 0.500339 0.6121
19.94 -0.656987 2.97198 0.65394 0.679332 0.500339 0.6121
19.96 -0.64602 2.98034 0.648122 0.699356 1.00119 -0.290874
19.98 -0.634684 2.98887 0.642305 0.71938 1.00119 -0.290874
20 -0.622978 2.99757 0.636487 0.739403 1.00119 -0.290874
20.02 -0.610899 3.00645 0.63067 0.759427 1.00119 -0.290874
20.04 -0.598444 3.01549 0.624853 0.779451 1.00119 -0.290874
20.06 -0.585611 3.02468 0.619035 0.799475 1.00119 -0.290874
20.08 -0.572398 3.03404 0.613218 0.819498 1.00119 -0.290874
20.1 -0.558803 3.04355 0.6074 0.839522 1.00119 -0.290874
20.12 -0.544823 3.0532 0.601583 0.859546 1.00119 -0.290874
20.14 -0.530456 3.063 0.595765 0.87957 1.00119 -0.290874
20.16 -0.515701 3.07295 0.589948 0.899594 1.00119 -0.290874
20.18 -0.500554 3.08302 0.58413 0.919617 1.00119 -0.290874
20.2 -0.485015 3.09323 0.578313 0.939641 1.00119 -0.290874
20.22 -0.46908 3.10357 0.572495 0.959665 1.00119 -0.290874
20.24 -0.452748 3.11402 0.566678 0.979689 1.00119 -0.290874
20.26 -0.436017 3.1246 0.56086 0.999713 1.00119 -0.290874
20.28 -0.418885 3.13529 0.555043 1.01974 1.00119 -0.290874
20.3 -0.40135 3.14609 0.549225 1.03976 1.00119 -0.290874
20.32 -0.383411 3.157 0.543408 1.05978 1.00119 -0.290874
20.34 -0.365065 3.16801 0.53759 1.07981 1.00119 -0.290874
20.36 -0.346311 3.17912 0.531773 1.09983 1.00119 -0.290874
20.38 -0.327146 3.19032 0.525955 1.11986 1.00119 -0.290874
20.4 -0.30757 3.20161 0.520138 1.13988 1.00119 -0.290874
20.42 -0.28758 3.21298 0.51432 1.1599 1.00119 -0.290874
20.44 -0.267176 3.22443 0.508503 1.17993 1.00119 -0.290874
20.46 -0.246354 3.23595 0.502685 1.19995 1.00119 -0.290874
20.48 -0.225115 3.24755 0.496868 1.21997 1.00119 -0.290874
20.5 -0.203456 3.25921 0.491051 1.24 1.00119 -0.290874
20.52 -0.181375 3.27094 0.485233 1.26002 1.00119 -0.290874
20.54 -0.158872 3.28272 0.479416 1.28005 1.00119 -0.290874
20.56 -0.135945 3.29455 0.473598 1.30007 1.00119 -0.290874
20.58 -0.112593 3.30644 0.467781 1.32009 1.00119 -0.290874
20.6 -0.0888138 3.31836 0.461963 1.34012 1.00119 -0.290874
20.62 -0.0646067 3.33033 0.456146 1.36014 1.00119 -0.290874
20.64 -0.0399704 3.34233 0.450328 1.38016 1.00119 -0.290874
20.66 -0.0149036 3.35436 0.444511 1.40019 1.00119 -0.290874
20.68 0.0105948 3.36641 0.438693 1.42021 1.00119 -0.290874
20.7 0.0365259 3.37848 0.432876 1.44024 1.00119 -0.290874
20.72 0.0630149 3.39026 0.404165 1.45894 0.935388 -1.43556
20.74 0.0901773 3.40142 0.375454 1.47765 0.935388 -1.43556
20.76 0.117999 3.41193 0.346742 1.49636 0.935388 -1.43556
20.78 0.146464 3.42175 0.318031 1.51507 0.935388 -1.43556
20.8 0.175557 3.43087 0.28932 1.53377 0.935388 -1.43556
20.82 0.205259 3.43925 0.260609 1.55248 0.935388 -1.43556
20.84 0.235553 3.44686 0.231898 1.57119 0.935388 -1.43556
20.86 0.266418 3.45368 0.203187 1.5899 0.935388 -1.43556
20.88 0.297833 3.45969 0.174476 1.60861 0.935388 -1.43556
20.9 0.329778 3.46484 0.145765 1.62731 0.935388 -1.43556
20.92 0.362228 3.46913 0.117053 1.64602 0.935388 -1.43556
20.94 0.39516 3.47253 0.0883423 1.66473 0.935388 -1.43556
20.96 0.428549 3.475 0.0596312 1.68344 0.935388 -1.43556
20.98 0.462369 3.47653 0.0309201 1.70214 0.935388 -1.43556
21 0.496593 3.4771 0.00220898 1.72085 0.935388 -1.43556
21.02 0.531193 3.47668 -0.0265021 1.73956 0.935388 -1.43556
21.04 0.566141 3.47525 -0.0552133 1.75827 0.935388 -1.43556
21.06 0.601407 3.47279 -0.0839244 1.77698 0.935388 -1.43556
21.08 0.63696 3.46928 -0.112635 1.79568 0.935388 -1.43556
21.1 0.672768 3.46471 -0.141347 1.81439 0.935388 -1.43556
21.12 0.708801 3.45905 -0.170058 1.8331 0.935388 -1.43556
21.14 0.745023 3.45229 -0.198769 1.85181 0.935388 -1.43556
21.16 0.781403 3.44442 -0.22748 1.87051 0.935388 -1.43556
21.18 0.817905 3.43542 -0.256191 1.88922 0.935388 -1.43556
21.2 0.854494 3.42527 -0.284902 1.90793 0.935388 -1.43556
21.22 0.891133 3.41396 -0.313613 1.92664 0.935388 -1.43556
21.24 0.927788 3.40149 -0.342324 1.94535 0.935388 -1.43556
21.26 0.96442 3.38784 -0.371036 1.96405 0.935388 -1.43556
21.28 1.00099 3.373 -0.399747 1.98276 0.935388 -1.43556
21.3 1.03746 3.35697 -0.428458 2.00147 0.935388 -1.43556
21.32 1.0738 3.33974 -0.457169 2.02018 0.935388 -1.43556
21.34 1.10996 3.3213 -0.48588 2.03888 0.935388 -1.43556
21.36 1.1459 3.30165 -0.514591 2.05759 0.935388 -1.43556
21.38 1.18159 3.28079 -0.543302 2.0763 0.935388 -1.43556
21.4 1.21698 3.25872 -0.572013 2.09501 0.935388 -1.43556
21.42 1.25204 3.23543 -0.600724 2.11371 0.935388 -1.43556
21.44 1.28672 3.21093 -0.629436 2.13242 0.935388 -1.43556
21.46 1.32098 3.18521 -0.658147 2.15113 0.935388 -1.43556
21.48 1.35477 3.1583 -0.686858 2.16984 0.935388 -1.43556
21.5 1.38807 3.13018 -0.715569 2.18855 0.935388 -1.43556
21.52 1.42083 3.10087 -0.74428 2.20725 0.935388 -1.43556
21.54 1.453 3.07037 -0.772991 2.22596 0.935388 -1.43556
21.56 1.48455 3.0387 -0.801702 2.24467 0.935388 -1.43556
21.58 1.51595 3.00716 -0.773634 2.20537 -1.96489 1.40342
21.6 1.54764 2.97706 -0.745565 2.16607 -1.96489 1.40342
21.62 1.57958 2.94838 -0.717497 2.12678 -1.96489 1.40342
21.64 1.61172 2.92112 -0.689428 2.08748 -1.96489 1.40342
21.66 1.644 2.89526 -0.66136 2.04818 -1.96489 1.40342
21.68 1.67636 2.87079 -0.633292 2.00888 -1.96489 1.40342
21.7 1.70875 2.8477 -0.605223 1.96958 -1.96489 1.40342
21.72 1.74113 2.82597 -0.577155 1.93029 -1.96489 1.40342
21.74 1.77379 2.80532 -0.550272 1.93425 0.198042 1.34414
21.76 1.80707 2.78551 -0.523389 1.93821 0.198042 1.34414
21.78 1.84094 2.76657 -0.496506 1.94217 0.198042 1.34414
21.8 1.87537 2.74851 -0.469624 1.94613 0.198042 1.34414
21.82 1.91035 2.73135 -0.442741 1.95009 0.198042 1.34414
21.84 1.94584 2.7151 -0.415858 1.95405 0.198042 1.34414
21.86 1.98184 2.69978 -0.388975 1.95801 0.198042 1.34414
21.88 2.01831 2.6854 -0.362093 1.96197 0.198042 1.34414
21.9 2.05522 2.67198 -0.33521 1.96593 0.198042 1.34414
21.92 2.09256 2.65954 -0.308327 1.9699 0.198042 1.34414
21.94 2.13029 2.64808 -0.281444 1.97386 0.198042 1.34414
21.96 2.1684 2.63761 -0.254561 1.97782 0.198042 1.34414
21.98 2.20685 2.62816 -0.227679 1.98178 0.198042 1.34414
22 2.24561 2.61972 -0.200796 1.98574 0.198042 1.34414
22.02 2.28467 2.61232 -0.173913 1.9897 0.198042 1.34414
22.04 2.32399 2.60595 -0.14703 1.99366 0.198042 1.34414
22.06 2.36355 2.60064 -0.120148 1.99762 0.198042 1.34414
22.08 2.40331 2.59638 -0.0932648 2.00158 0.198042 1.34414
22.1 2.44325 2.59318 -0.0663821 2.00554 0.198042 1.34414
22.12 2.48335 2.59106 -0.0394993 2.0095 0.198042 1.34414
22.14 2.52356 2.59001 -0.0126165 2.01346 0.198042 1.34414
22.16 2.56387 2.59005 0.0142662 2.01743 0.198042 1.34414
22.18 2.60424 2.59116 0.041149 2.02139 0.198042 1.34414
22.2 2.64465 2.59337 0.0680318 2.02535 0.198042 1.34414
22.22 2.68506 2.59667 0.0949145 2.02931 0.198042 1.34414
22.24 2.72544 2.60107 0.121797 2.03327 0.198042 1.34414
22.26 2.76577 2.60655 0.14868 2.03723 0.198042 1.34414
22.28 2.80602 2.61314 0.175563 2.04119 0.198042 1.34414
22.3 2.84616 2.62081 0.202446 2.04515 0.198042 1.34414
22.32 2.88615 2.62959 0.229328 2.04911 0.198042 1.34414
22.34 2.92597 2.63945 0.256211 2.05307 0.198042 1.34414
22.36 2.96558 2.6504 0.283094 2.05703 0.198042 1.34414
22.38 3.00496 2.66243 0.309977 2.06099 0.198042 1.34414
22.4 3.04408 2.67554 0.336859 2.06496 0.198042 1.34414
22.42 3.08291 2.68973 0.363742 2.06892 0.198042 1.34414
22.44 3.12141 2.70498 0.390625 2.07288 0.198042 1.34414
22.46 3.15963 2.72008 0.361857 2.03607 -1.84039 -1.4384
22.48 3.19757 2.73382 0.333089 1.99926 -1.84039 -1.4384
22.5 3.23519 2.74624 0.304321 1.96245 -1.84039 -1.4384
22.52 3.27244 2.75735 0.275553 1.92565 -1.84039 -1.4384
22.54 3.30929 2.7672 0.246785 1.88884 -1.84039 -1.4384
22.56 3.34569 2.77582 0.218017 1.85203 -1.84039 -1.4384
22.58 3.38161 2.78324 0.189249 1.81522 -1.84039 -1.4384
22.6 3.41699 2.78949 0.160481 1.77841 -1.84039 -1.4384
22.62 3.45182 2.79462 0.131713 1.74161 -1.84039 -1.4384
22.64 3.48604 2.79866 0.102945 1.7048 -1.84039 -1.4384
22.66 3.51964 2.80164 0.0741766 1.66799 -1.84039 -1.4384
22.68 3.55257 2.80361 0.0454086 1.63118 -1.84039 -1.4384
22.7 3.58481 2.80462 0.0166405 1.59438 -1.84039 -1.4384
22.72 3.61633 2.80469 -0.0121275 1.55757 -1.84039 -1.4384
22.74 3.6471 2.80387 -0.0408955 1.52076 -1.84039 -1.4384
22.76 3.6771 2.80222 -0.0696636 1.48395 -1.84039 -1.4384
22.78 3.70631 2.79976 -0.0984316 1.44714 -1.84039 -1.4384
22.8 3.7347 2.79654 -0.1272 1.41034 -1.84039 -1.4384
22.82 3.76226 2.79262 -0.155968 1.37353 -1.84039 -1.4384
22.84 3.78897 2.78802 -0.184736 1.33672 -1.84039 -1.4384
22.86 3.81481 2.78281 -0.213504 1.29991 -1.84039 -1.4384
22.88 3.83978 2.77702 -0.242272 1.26311 -1.84039 -1.4384
22.9 3.86386 2.7707 -0.27104 1.2263 -1.84039 -1.4384
22.92 3.88704 2.7639 -0.299808 1.18949 -1.84039 -1.4384
22.94 3.90931 2.75667 -0.328576 1.15268 -1.84039 -1.4384
22.96 3.93068 2.74904 -0.357344 1.11587 -1.84039 -1.4384
22.98 3.95113 2.74107 -0.386112 1.07907 -1.84039 -1.4384
23 3.97066 2.7328 -0.41488 1.04226 -1.84039 -1.4384
23.02 3.98928 2.72428 -0.443648 1.00545 -1.84039 -1.4384
23.04 4.00699 2.71555 -0.472416 0.968643 -1.84039 -1.4384
23.06 4.02378 2.70666 -0.501184 0.931835 -1.84039 -1.4384
23.08 4.03983 2.69774 -0.514543 0.904379 -1.37281 -0.667958
23.1 4.05528 2.68887 -0.527902 0.876923 -1.37281 -0.667958
23.12 4.07013 2.68007 -0.541262 0.849467 -1.37281 -0.667958
23.14 4.0844 2.67136 -0.554621 0.82201 -1.37281 -0.667958
23.16 4.09809 2.66276 -0.56798 0.794554 -1.37281 -0.667958
23.18 4.11119 2.65427 -0.581339 0.767098 -1.37281 -0.667958
23.2 4.12373 2.64591 -0.594698 0.739642 -1.37281 -0.667958
23.22 4.1357 2.6377 -0.608057 0.712186 -1.37281 -0.667958
23.24 4.14711 2.62964 -0.621416 0.68473 -1.37281 -0.667958
23.26 4.15797 2.62176 -0.634776 0.657273 -1.37281 -0.667958
23.28 4.16829 2.61406 -0.648135 0.629817 -1.37281 -0.667958
23.3 4.17806 2.60656 -0.661494 0.602361 -1.37281 -0.667958
23.32 4.1873 2.59926 -0.674853 0.574905 -1.37281 -0.667958
23.34 4.19602 2.59219 -0.688212 0.547449 -1.37281 -0.667958
23.36 4.20422 2.58536 -0.701571 0.519993 -1.37281 -0.667958
23.38 4.21191 2.57877 -0.71493 0.492536 -1.37281 -0.667958
23.4 4.2191 2.57245 -0.72829 0.46508 -1.37281 -0.667958
23.42 4.22579 2.56639 -0.741649 0.437624 -1.37281 -0.667958
23.44 4.23201 2.56063 -0.755008 0.410168 -1.37281 -0.667958
23.46 4.23775 2.55515 -0.768367 0.382712 -1.37281 -0.667958
23.48 4.24302 2.54999 -0.781726 0.355255 -1.37281 -0.667958
23.5 4.24783 2.54515 -0.795085 0.327799 -1.37281 -0.667958
23.52 4.2522 2.54063 -0.808445 0.300343 -1.37281 -0.667958
23.54 4.25613 2.53646 -0.821804 0.272887 -1.37281 -0.667958
23.56 4.25964 2.53264 -0.835163 0.245431 -1.37281 -0.667958
23.58 4.26273 2.52919 -0.848522 0.217975 -1.37281 -0.667958
23.6 4.26541 2.5261 -0.861881 0.190518 -1.37281 -0.667958
23.62 4.26775 2.52345 -0.835353 0.16367 -1.34244 1.32642
23.64 4.26979 2.52124 -0.808825 0.136821 -1.34244 1.32642
23.66 4.27152 2.51948 -0.782296 0.109972 -1.34244 1.32642
23.68 4.2729 2.51814 -0.755768 0.0831234 -1.34244 1.32642
23.7 4.27393 2.51719 -0.72924 0.0562746 -1.34244 1.32642
23.72 4.27458 2.51663 -0.702711 0.0294259 -1.34244 1.32642
23.74 4.27482 2.51643 -0.676183 0.0025771 -1.34244 1.32642
23.76 4.27465 2.51656 -0.649655 -0.0242717 -1.34244 1.32642
23.78 4.27404 2.517 -0.623126 -0.0511204 -1.34244 1.32642
23.8 4.27298 2.51774 -0.596598 -0.0779692 -1.34244 1.32642
23.82 4.27146 2.51875 -0.57007 -0.104818 -1.34244 1.32642
23.84 4.26945 2.52 -0.543541 -0.131667 -1.34244 1.32642
23.86 4.26695 2.52146 -0.517013 -0.158515 -1.34244 1.32642
23.88 4.26393 2.52312 -0.490485 -0.185364 -1.34244 1.32642
23.9 4.2604 2.52495 -0.463957 -0.212213 -1.34244 1.32642
23.92 4.25634 2.52691 -0.437428 -0.239062 -1.34244 1.32642
23.94 4.25174 2.52899 -0.4109 -0.26591 -1.34244 1.32642
23.96 4.24659 2.53115 -0.384372 -0.292759 -1.34244 1.32642
23.98 4.24088 2.53337 -0.357843 -0.319608 -1.34244 1.32642
24 4.23461 2.53562 -0.331315 -0.346457 -1.34244 1.32642
24.02 4.22777 2.53787 -0.304787 -0.373305 -1.34244 1.32642
24.04 4.22036 2.54009 -0.278258 -0.400154 -1.34244 1.32642
24.06 4.21238 2.54226 -0.25173 -0.427003 -1.34244 1.32642
24.08 4.20382 2.54434 -0.225202 -0.453852 -1.34244 1.32642
24.1 4.19469 2.5463 -0.198673 -0.4807 -1.34244 1.32642
24.12 4.18497 2.54812 -0.172145 -0.507549 -1.34244 1.32642
24.14 4.17468 2.54977 -0.145617 -0.534398 -1.34244 1.32642
24.16 4.16382 2.55121 -0.119089 -0.561247 -1.34244 1.32642
24.18 4.1524 2.55243 -0.0925603 -0.588095 -1.34244 1.32642
24.2 4.1404 2.55338 -0.0660319 -0.614944 -1.34244 1.32642
24.22 4.12785 2.55404 -0.0395036 -0.641793 -1.34244 1.32642
24.24 4.11512 2.55442 -0.0200612 -0.632541 0.462584 0.972122
24.26 4.10256 2.55455 -0.000618741 -0.62329 0.462584 0.972122
24.28 4.09019 2.55444 0.0188237 -0.614038 0.462584 0.972122
24.3 4.078 2.55409 0.0382662 -0.604786 0.462584 0.972122
24.32 4.06601 2.55351 0.0577086 -0.595535 0.462584 0.972122
24.34 4.05422 2.55272 0.0771511 -0.586283 0.462584 0.972122
24.36 4.04263 2.55171 0.0965935 -0.577031 0.462584 0.972122
24.38 4.03125 2.5505 0.116036 -0.56778 0.462584 0.972122
24.4 4.02008 2.54908 0.135478 -0.558528 0.462584 0.972122
24.42 4.00911 2.54748 0.154921 -0.549276 0.462584 0.972122
24.44 3.99837 2.5457 0.174363 -0.540024 0.462584 0.972122
24.46 3.98784 2.54374 0.193806 -0.530773 0.462584 0.972122
24.48 3.97754 2.54161 0.213248 -0.521521 0.462584 0.972122
24.5 3.96745 2.53932 0.232691 -0.512269 0.462584 0.972122
24.52 3.9576 2.53689 0.252133 -0.503018 0.462584 0.972122
24.54 3.94797 2.53431 0.271576 -0.493766 0.462584 0.972122
24.56 3.93857 2.53159 0.291018 -0.484514 0.462584 0.972122
24.58 3.92941 2.52875 0.31046 -0.475263 0.462584 0.972122
24.6 3.92047 2.52579 0.329903 -0.466011 0.462584 0.972122
24.62 3.91177 2.52271 0.349345 -0.456759 0.462584 0.972122
24.64 3.9033 2.51953 0.368788 -0.447508 0.462584 0.972122
24.66 3.89507 2.51626 0.38823 -0.438256 0.462584 0.972122
24.68 3.88708 2.5129 0.407673 -0.429004 0.462584 0.972122
24.7 3.87932 2.50946 0.427115 -0.419753 0.462584 0.972122
24.72 3.8718 2.50595 0.446558 -0.410501 0.462584 0.972122
24.74 3.86451 2.50237 0.466 -0.401249 0.462584 0.972122
24.76 3.85746 2.49874 0.485442 -0.391998 0.462584 0.972122
24.78 3.85064 2.49506 0.504885 -0.382746 0.462584 0.972122
24.8 3.84406 2.49134 0.524327 -0.373494 0.462584 0.972122
24.82 3.83771 2.48758 0.54377 -0.364243 0.462584 0.972122
24.84 3.83159 2.4838 0.563212 -0.354991 0.462584 0.972122
24.86 3.8257 2.48 0.582655 -0.345739 0.462584 0.972122
24.88 3.82004 2.47619 0.602097 -0.336488 0.462584 0.972122
24.9 3.81461 2.47238 0.62154 -0.327236 0.462584 0.972122
24.92 3.8094 2.46858 0.640982 -0.317984 0.462584 0.972122
24.94 3.80441 2.46478 0.660424 -0.308733 0.462584 0.972122
24.96 3.79965 2.461 0.679867 -0.299481 0.462584 0.972122
24.98 3.7951 2.45725 0.699309 -0.290229 0.462584 0.972122
25 3.79076 2.45353 0.718752 -0.280978 0.462584 0.972122
25.02 3.78664 2.44985 0.738194 -0.271726 0.462584 0.972122
25.04 3.78272 2.44622 0.757637 -0.262474 0.462584 0.972122
25.06 3.77901 2.44264 0.777079 -0.253222 0.462584 0.972122
25.08 3.7755 2.43912 0.796522 -0.243971 0.462584 0.972122
25.1 3.77218 2.43566 0.815964 -0.234719 0.462584 0.972122
25.12 3.76906 2.43228 0.835407 -0.225467 0.462584 0.972122
25.14 3.76613 2.42898 0.854849 -0.216216 0.462584 0.972122
25.16 3.76338 2.42576 0.874291 -0.206964 0.462584 0.972122
25.18 3.76082 2.42263 0.893734 -0.197712 0.462584 0.972122
25.2 3.75843 2.4196 0.913176 -0.188461 0.462584 0.972122
25.22 3.75621 2.41667 0.932619 -0.179209 0.462584 0.972122
25.24 3.75413 2.41381 0.946937 -0.174066 0.257171 0.71593
25.26 3.75214 2.41102 0.961256 -0.168922 0.257171 0.71593
25.28 3.75026 2.40827 0.975575 -0.163779 0.257171 0.71593
25.3 3.74847 2.40559 0.989893 -0.158635 0.257171 0.71593
25.32 3.74677 2.40297 1.00421 -0.153492 0.257171 0.71593
25.34 3.74517 2.40041 1.01853 -0.148349 0.257171 0.71593
25.36 3.74366 2.39792 1.03285 -0.143205 0.257171 0.71593
25.38 3.74224 2.39549 1.04717 -0.138062 0.257171 0.71593
25.4 3.7409 2.39314 1.06149 -0.132918 0.257171 0.71593
25.42 3.73964 2.39085 1.0758 -0.127775 0.257171 0.71593
25.44 3.73847 2.38864 1.09012 -0.122632 0.257171 0.71593
25.46 3.73737 2.3865 1.10444 -0.117488 0.257171 0.71593
25.48 3.73635 2.38444 1.11876 -0.112345 0.257171 0.71593
25.5 3.73541 2.38246 1.13308 -0.107201 0.257171 0.71593
25.52 3.73454 2.38056 1.1474 -0.102058 0.257171 0.71593
25.54 3.73373 2.37874 1.16172 -0.0969145 0.257171 0.71593
25.56 3.73299 2.377 1.17604 -0.0917711 0.257171 0.71593
25.58 3.73232 2.37535 1.19035 -0.0866277 0.257171 0.71593
25.6 3.73171 2.37379 1.20467 -0.0814842 0.257171 0.71593
25.62 3.73115 2.37231 1.21899 -0.0763408 0.257171 0.71593
25.64 3.73065 2.37092 1.23331 -0.0711974 0.257171 0.71593
25.66 3.73021 2.36962 1.24763 -0.066054 0.257171 0.71593
25.68 3.72981 2.36842 1.26195 -0.0609106 0.257171 0.71593
25.7 3.72947 2.3673 1.27627 -0.0557672 0.257171 0.71593
25.72 3.72916 2.36628 1.29058 -0.0506238 0.257171 0.71593
25.74 3.72891 2.36536 1.3049 -0.0454804 0.257171 0.71593
25.76 3.72869 2.36453 1.31922 -0.040337 0.257171 0.71593
25.78 3.72858 2.36413 1.31657 -0.000756349 1.97903 -0.132438
25.8 3.72868 2.3645 1.31392 0.0388243 1.97903 -0.132438
25.82 3.72898 2.36563 1.31127 0.0784049 1.97903 -0.132438
25.84 3.72949 2.36753 1.30863 0.117985 1.97903 -0.132438
25.86 3.7302 2.37019 1.30598 0.157566 1.97903 -0.132438
25.88 3.73114 2.37361 1.30333 0.197147 1.97903 -0.132438
25.9 3.73229 2.37779 1.30068 0.236727 1.97903 -0.132438
25.92 3.73366 2.38274 1.29803 0.276308 1.97903 -0.132438
25.94 3.73527 2.38844 1.29538 0.315888 1.97903 -0.132438
25.96 3.7371 2.39489 1.29273 0.355469 1.97903 -0.132438
25.98 3.73917 2.40211 1.29008 0.39505 1.97903 -0.132438
26 3.74148 2.41008 1.28744 0.43463 1.97903 -0.132438
26.02 3.74403 2.4188 1.28479 0.474211 1.97903 -0.132438
26.04 3.74683 2.42828 1.28214 0.513791 1.97903 -0.132438
26.06 3.74989 2.4385 1.27949 0.553372 1.97903 -0.132438
26.08 3.75319 2.44948 1.27684 0.592953 1.97903 -0.132438
26.1 3.75676 2.4612 1.27419 0.632533 1.97903 -0.132438
26.12 3.76059 2.47367 1.27154 0.672114 1.97903 -0.132438
26.14 3.76469 2.48689 1.26889 0.711694 1.97903 -0.132438
26.16 3.76905 2.50085 1.26625 0.751275 1.97903 -0.132438
26.18 3.7737 2.51556 1.2636 0.790856 1.97903 -0.132438
26.2 3.77862 2.53101 1.26095 0.830436 1.97903 -0.132438
26.22 3.78383 2.54719 1.2583 0.870017 1.97903 -0.132438
26.24 3.78932 2.56412 1.25565 0.909598 1.97903 -0.132438
26.26 3.79511 2.58179 1.253 0.949178 1.97903 -0.132438
26.28 3.80119 2.60019 1.25035 0.988759 1.97903 -0.132438
26.3 3.80757 2.61932 1.2477 1.02834 1.97903 -0.132438
26.32 3.81425 2.63919 1.24506 1.06792 1.97903 -0.132438
26.34 3.82124 2.65979 1.24241 1.1075 1.97903 -0.132438
26.36 3.82854 2.68112 1.23976 1.14708 1.97903 -0.132438
26.38 3.83615 2.70318 1.23711 1.18666 1.97903 -0.132438
26.4 3.84408 2.72597 1.23446 1.22624 1.97903 -0.132438
26.42 3.85234 2.74948 1.23181 1.26582 1.97903 -0.132438
26.44 3.86092 2.77372 1.22916 1.3054 1.97903 -0.132438
26.46 3.86984 2.79868 1.22651 1.34498 1.97903 -0.132438
26.48 3.87908 2.82436 1.22387 1.38456 1.97903 -0.132438
26.5 3.88867 2.85076 1.22122 1.42415 1.97903 -0.132438
26.52 3.8986 2.87788 1.21857 1.46373 1.97903 -0.132438
26.54 3.90887 2.90572 1.21592 1.50331 1.97903 -0.132438
26.56 3.91949 2.93427 1.21327 1.54289 1.97903 -0.132438
26.58 3.93047 2.96353 1.21062 1.58247 1.97903 -0.132438
26.6 3.9419 2.99342 1.20051 1.61742 1.74765 -0.505644
26.62 3.95388 3.02384 1.1904 1.65237 1.74765 -0.505644
26.64 3.96644 3.05479 1.18028 1.68733 1.74765 -0.505644
26.66 3.97958 3.08625 1.17017 1.72228 1.74765 -0.505644
26.68 3.99331 3.11822 1.16006 1.75723 1.74765 -0.505644
26.7 4.00765 3.15069 1.14994 1.79219 1.74765 -0.505644
26.72 4.0226 3.18365 1.13983 1.82714 1.74765 -0.505644
26.74 4.03818 3.21709 1.12972 1.86209 1.74765 -0.505644
26.76 4.0544 3.251 1.11961 1.89705 1.74765 -0.505644
26.78 4.07128 3.28537 1.10949 1.932 1.74765 -0.505644
26.8 4.08881 3.3202 1.09938 1.96695 1.74765 -0.505644
26.82 4.10701 3.35547 1.08927 2.0019 1.74765 -0.505644
26.84 4.1259 3.39117 1.07915 2.03686 1.74765 -0.505644
26.86 4.14548 3.42729 1.06904 2.07181 1.74765 -0.505644
26.88 4.16576 3.46382 1.05893 2.10676 1.74765 -0.505644
26.9 4.18676 3.50075 1.04882 2.14172 1.74765 -0.505644
26.92 4.20848 3.53808 1.0387 2.17667 1.74765 -0.505644
26.94 4.23093 3.57578 1.02859 2.21162 1.74765 -0.505644
26.96 4.25413 3.61385 1.01848 2.24658 1.74765 -0.505644
26.98 4.27808 3.65228 1.00836 2.28153 1.74765 -0.505644
27 4.3028 3.69105 0.998252 2.31648 1.74765 -0.505644
27.02 4.32829 3.73016 0.988139 2.35143 1.74765 -0.505644
27.04 4.35458 3.76883 0.959398 2.3254 -1.30152 -1.43705
27.06 4.38166 3.80632 0.930657 2.29937 -1.30152 -1.43705
27.08 4.4095 3.84259 0.901916 2.27334 -1.30152 -1.43705
27.1 4.43804 3.87765 0.873175 2.24731 -1.30152 -1.43705
27.12 4.46723 3.91148 0.844434 2.22128 -1.30152 -1.43705
27.14 4.49703 3.94407 0.815693 2.19525 -1.30152 -1.43705
27.16 4.5274 3.97542 0.786952 2.16922 -1.30152 -1.43705
27.18 4.55827 4.00552 0.758211 2.14319 -1.30152 -1.43705
27.2 4.58962 4.03437 0.72947 2.11716 -1.30152 -1.43705
27.22 4.6214 4.06196 0.700729 2.09113 -1.30152 -1.43705
27.24 4.65354 4.0883 0.671988 2.0651 -1.30152 -1.43705
27.26 4.68603 4.11339 0.643247 2.03907 -1.30152 -1.43705
27.28 4.71879 4.13723 0.614506 2.01304 -1.30152 -1.43705
27.3 4.7518 4.15982 0.585766 1.98701 -1.30152 -1.43705
27.32 4.78501 4.18117 0.557025 1.96098 -1.30152 -1.43705
27.34 4.81837 4.20129 0.528284 1.93495 -1.30152 -1.43705
27.36 4.85184 4.22018 0.499543 1.90892 -1.30152 -1.43705
27.38 4.88538 4.23787 0.470802 1.88289 -1.30152 -1.43705
27.4 4.91895 4.25435 0.442061 1.85686 -1.30152 -1.43705
27.42 4.9525 4.26965 0.41332 1.83083 -1.30152 -1.43705
27.44 4.986 4.28377 0.384579 1.8048 -1.30152 -1.43705
27.46 5.01941 4.29674 0.355838 1.77877 -1.30152 -1.43705
27.48 5.05317 4.30889 0.335181 1.80939 1.53103 -1.03286
27.5 5.08775 4.32053 0.314523 1.84001 1.53103 -1.03286
27.52 5.12316 4.33165 0.293866 1.87063 1.53103 -1.03286
27.54 5.15937 4.3422 0.273209 1.90125 1.53103 -1.03286
27.56 5.19638 4.35216 0.252552 1.93187 1.53103 -1.03286
27.58 5.23419 4.3615 0.231894 1.96249 1.53103 -1.03286
27.6 5.27278 4.37019 0.211237 1.99311 1.53103 -1.03286
27.62 5.31214 4.3782 0.19058 2.02373 1.53103 -1.03286
27.64 5.31148 4.37807 0.190642 1.95696 -1.80771 -1.02977
27.66 5.34963 4.38503 0.170047 1.9208 -1.80771 -1.02977
27.68 5.3872 4.39109 0.149451 1.88465 -1.80771 -1.02977
27.7 5.42417 4.39626 0.128856 1.84849 -1.80771 -1.02977
27.72 5.46052 4.4006 0.10826 1.81234 -1.80771 -1.02977
27.74 5.49623 4.40411 0.0876651 1.77619 -1.80771 -1.02977
27.76 5.53124 4.40716 0.086488 1.73758 -1.93002 -0.0588568
27.78 5.56547 4.41011 0.0853109 1.69898 -1.93002 -0.0588568
27.8 5.59895 4.41295 0.0841337 1.66038 -1.93002 -0.0588568
27.82 5.63166 4.41569 0.0829566 1.62178 -1.93002 -0.0588568
27.84 5.6636 4.41833 0.0817794 1.58318 -1.93002 -0.0588568
27.86 5.69477 4.42087 0.0806023 1.54458 -1.93002 -0.0588568
27.88 5.72518 4.42331 0.0794252 1.50598 -1.93002 -0.0588568
27.9 5.75482 4.42565 0.078248 1.46738 -1.93002 -0.0588568
27.92 5.75546 4.42533 0.0543903 1.52897 1.1493 -1.25174
27.94 5.78624 4.42662 0.0293554 1.55195 1.1493 -1.25174
27.96 5.81751 4.42715 0.00432051 1.57494 1.1493 -1.25174
27.98 5.84923 4.42689 -0.0207144 1.59793 1.1493 -1.25174
28 5.8814 4.42582 -0.0457493 1.62091 1.1493 -1.25174
28.02 5.91399 4.42391 -0.0707842 1.6439 1.1493 -1.25174
28.04 5.94699 4.42116 -0.095819 1.66688 1.1493 -1.25174
28.06 5.98036 4.41753 -0.120854 1.68987 1.1493 -1.25174
28.08 6.01408 4.413 -0.145889 1.71286 1.1493 -1.25174
28.1 6.04813 4.40756 -0.170924 1.73584 1.1493 -1.25174
28.12 6.08249 4.40119 -0.195959 1.75883 1.1493 -1.25174
28.14 6.11713 4.39386 -0.220993 1.78181 1.1493 -1.25174
28.16 6.15162 4.38561 -0.248402 1.76448 -0.866903 -1.37043
28.18 6.18554 4.37651 -0.275811 1.74714 -0.866903 -1.37043
28.2 6.21886 4.36659 -0.303219 1.7298 -0.866903 -1.37043
28.22 6.25157 4.35586 -0.330628 1.71246 -0.866903 -1.37043
28.24 6.28364 4.34436 -0.358037 1.69512 -0.866903 -1.37043
28.26 6.31507 4.33211 -0.385445 1.67779 -0.866903 -1.37043
28.28 6.34582 4.31914 -0.412854 1.66045 -0.866903 -1.37043
28.3 6.3759 4.30547 -0.440263 1.64311 -0.866903 -1.37043
28.32 6.40528 4.29114 -0.467671 1.62577 -0.866903 -1.37043
28.34 6.43394 4.27616 -0.49508 1.60843 -0.866903 -1.37043
28.36 6.46188 4.26058 -0.522489 1.5911 -0.866903 -1.37043
28.38 6.48909 4.24441 -0.549897 1.57376 -0.866903 -1.37043
28.4 6.51555 4.22769 -0.577306 1.55642 -0.866903 -1.37043
28.42 6.54125 4.21044 -0.604715 1.53908 -0.866903 -1.37043
28.44 6.56619 4.1927 -0.632123 1.52174 -0.866903 -1.37043
28.46 6.59036 4.17449 -0.659532 1.5044 -0.866903 -1.37043
28.48 6.61375 4.15584 -0.686941 1.48707 -0.866903 -1.37043
28.5 6.63635 4.13677 -0.714349 1.46973 -0.866903 -1.37043
28.52 6.65844 4.11794 -0.697684 1.43379 -1.79683 0.833259
28.54 6.68029 4.09992 -0.681019 1.39786 -1.79683 0.833259
28.56 6.70188 4.08273 -0.664354 1.36192 -1.79683 0.833259
28.58 6.72318 4.06633 -0.647688 1.32598 -1.79683 0.833259
28.6 6.74417 4.05072 -0.631023 1.29005 -1.79683 0.833259
28.62 6.76483 4.03588 -0.614358 1.25411 -1.79683 0.833259
28.64 6.78515 4.0218 -0.597693 1.21817 -1.79683 0.833259
28.66 6.80511 4.00846 -0.581028 1.18224 -1.79683 0.833259
28.68 6.82468 3.99584 -0.564363 1.1463 -1.79683 0.833259
28.7 6.84384 3.98393 -0.547697 1.11036 -1.79683 0.833259
28.72 6.86259 3.97271 -0.531032 1.07443 -1.79683 0.833259
28.74 6.8809 3.96216 -0.514367 1.03849 -1.79683 0.833259
28.76 6.89875 3.95226 -0.497702 1.00255 -1.79683 0.833259
28.78 6.91613 3.94301 -0.481037 0.966615 -1.79683 0.833259
28.8 6.93302 3.93437 -0.464371 0.930678 -1.79683 0.833259
28.82 6.94941 3.92633 -0.447706 0.894742 -1.79683 0.833259
28.84 6.96528 3.91887 -0.431041 0.858805 -1.79683 0.833259
28.86 6.98061 3.91197 -0.414376 0.822868 -1.79683 0.833259
28.88 6.9954 3.90561 -0.397711 0.786932 -1.79683 0.833259
28.9 7.00963 3.89977 -0.381046 0.750995 -1.79683 0.833259
28.92 7.02328 3.89443 -0.36438 0.715058 -1.79683 0.833259
28.94 7.03635 3.88957 -0.347715 0.679122 -1.79683 0.833259
28.96 7.04882 3.88517 -0.33105 0.643185 -1.79683 0.833259
28.98 7.06068 3.8812 -0.314385 0.607248 -1.79683 0.833259
29 7.07191 3.87765 -0.29772 0.571311 -1.79683 0.833259
29.02 7.08252 3.87449 -0.281054 0.535375 -1.79683 0.833259
29.04 7.09248 3.8717 -0.264389 0.499438 -1.79683 0.833259
29.06 7.1018 3.86926 -0.247724 0.463501 -1.79683 0.833259
29.08 7.11046 3.86715 -0.231059 0.427565 -1.79683 0.833259
29.1 7.11844 3.86534 -0.214394 0.391628 -1.79683 0.833259
29.12 7.12576 3.86381 -0.197729 0.355691 -1.79683 0.833259
29.14 7.13239 3.86253 -0.181063 0.319755 -1.79683 0.833259
29.16 7.13834 3.8615 -0.164398 0.283818 -1.79683 0.833259
29.18 7.14359 3.86067 -0.147733 0.247881 -1.79683 0.833259
29.2 7.14814 3.86003 -0.131068 0.211945 -1.79683 0.833259
29.22 7.15199 3.85955 -0.114403 0.176008 -1.79683 0.833259
29.24 7.15514 3.85922 -0.0977375 0.140071 -1.79683 0.833259
29.26 7.15757 3.859 -0.0810723 0.104135 -1.79683 0.833259
29.28 7.15929 3.85887 -0.0644071 0.0681978 -1.79683 0.833259
29.3 7.16029 3.85881 -0.0477419 0.0322611 -1.79683 0.833259
29.32 7.16058 3.8588 -0.0310768 -0.00367555 -1.79683 0.833259
29.32 7.16058 3.8588 -0.0310768 -0.00367555 0 0
