0 -6 -4 0 0 0 0
0.02 -5.99992 -4 0.00856658 0.00847076 0.423538 0.428329
0.04 -5.99966 -4 0.0171332 0.0169415 0.423538 0.428329
0.06 -5.99924 -3.99999 0.0256997 0.0254123 0.423538 0.428329
0.08 -5.99865 -3.99997 0.0342663 0.033883 0.423538 0.428329
0.1 -5.99788 -3.99994 0.0428329 0.0423538 0.423538 0.428329
0.12 -5.99695 -3.9999 0.0513995 0.0508246 0.423538 0.428329
0.14 -5.99585 -3.99983 0.0599661 0.0592953 0.423538 0.428329
0.16 -5.99459 -3.99975 0.0685326 0.0677661 0.423538 0.428329
0.18 -5.99315 -3.99965 0.0770992 0.0762369 0.423538 0.428329
0.2 -5.99154 -3.99952 0.0856658 0.0847076 0.423538 0.428329
0.22 -5.98977 -3.99936 0.0942324 0.0931784 0.423538 0.428329
0.24 -5.98783 -3.99916 0.102799 0.101649 0.423538 0.428329
0.26 -5.98573 -3.99894 0.111366 0.11012 0.423538 0.428329
0.28 -5.98346 -3.99867 0.119932 0.118591 0.423538 0.428329
0.3 -5.98102 -3.99837 0.128499 0.127061 0.423538 0.428329
0.32 -5.97842 -3.99802 0.137065 0.135532 0.423538 0.428329
0.34 -5.97565 -3.99763 0.145632 0.144003 0.423538 0.428329
0.36 -5.97272 -3.99719 0.154198 0.152474 0.423538 0.428329
0.38 -5.96962 -3.99669 0.162765 0.160944 0.423538 0.428329
0.4 -5.96637 -3.99614 0.171332 0.169415 0.423538 0.428329
0.42 -5.96295 -3.99553 0.179898 0.177886 0.423538 0.428329
0.44 -5.95955 -3.99487 0.208361 0.16801 -0.493809 1.42313
0.46 -5.95637 -3.99415 0.236823 0.158134 -0.493809 1.42313
0.48 -5.9534 -3.99339 0.265286 0.148257 -0.493809 1.42313
0.5 -5.95065 -3.9926 0.293748 0.138381 -0.493809 1.42313
0.52 -5.9481 -3.99179 0.322211 0.128505 -0.493809 1.42313
0.54 -5.94577 -3.99097 0.350674 0.118629 -0.493809 1.42313
0.56 -5.94365 -3.99016 0.379136 0.108753 -0.493809 1.42313
0.58 -5.94173 -3.98937 0.407599 0.0988766 -0.493809 1.42313
0.6 -5.94002 -3.9886 0.436061 0.0890005 -0.493809 1.42313
0.62 -5.9385 -3.98787 0.464524 0.0791243 -0.493809 1.42313
0.64 -5.93718 -3.98718 0.492986 0.0692481 -0.493809 1.42313
0.66 -5.93606 -3.98656 0.521449 0.0593719 -0.493809 1.42313
0.68 -5.93512 -3.986 0.549912 0.0494958 -0.493809 1.42313
0.7 -5.93399 -3.98529 0.56599 0.0846387 1.75714 0.803907
0.72 -5.93227 -3.98418 0.582068 0.119782 1.75714 0.803907
0.74 -5.92999 -3.98265 0.598146 0.154924 1.75714 0.803907
0.76 -5.92715 -3.98069 0.614224 0.190067 1.75714 0.803907
0.78 -5.92378 -3.97827 0.630302 0.22521 1.75714 0.803907
0.8 -5.91988 -3.97537 0.64638 0.260353 1.75714 0.803907
0.82 -5.91547 -3.97199 0.662459 0.295496 1.75714 0.803907
0.84 -5.91057 -3.9681 0.678537 0.330639 1.75714 0.803907
0.86 -5.90518 -3.96368 0.694615 0.365782 1.75714 0.803907
0.88 -5.89933 -3.95872 0.710693 0.400925 1.75714 0.803907
0.9 -5.89303 -3.95321 0.726771 0.436068 1.75714 0.803907
0.92 -5.8863 -3.94713 0.742849 0.471211 1.75714 0.803907
0.94 -5.87915 -3.94046 0.758927 0.506353 1.75714 0.803907
0.96 -5.87161 -3.93319 0.775006 0.541496 1.75714 0.803907
0.98 -5.86369 -3.9253 0.791084 0.576639 1.75714 0.803907
1 -5.8554 -3.91678 0.807162 0.611782 1.75714 0.803907
1.02 -5.84698 -3.90782 0.825122 0.617643 0.293037 0.898027
1.04 -5.83864 -3.89863 0.843083 0.623504 0.293037 0.898027
1.06 -5.83039 -3.8892 0.861043 0.629364 0.293037 0.898027
1.08 -5.82224 -3.87954 0.879004 0.635225 0.293037 0.898027
1.1 -5.81418 -3.86963 0.896964 0.641086 0.293037 0.898027
1.12 -5.80604 -3.8597 0.871966 0.643565 0.123963 -1.24991
1.14 -5.79762 -3.84993 0.846968 0.646044 0.123963 -1.24991
1.16 -5.78893 -3.84034 0.82197 0.648524 0.123963 -1.24991
1.18 -5.77996 -3.83093 0.796971 0.651003 0.123963 -1.24991
1.2 -5.77073 -3.82171 0.771973 0.653482 0.123963 -1.24991
1.22 -5.76124 -3.8127 0.746975 0.655961 0.123963 -1.24991
1.24 -5.75148 -3.80389 0.721977 0.658441 0.123963 -1.24991
1.26 -5.74147 -3.79529 0.696979 0.66092 0.123963 -1.24991
1.28 -5.73121 -3.78692 0.67198 0.663399 0.123963 -1.24991
1.3 -5.72071 -3.77878 0.646982 0.665878 0.123963 -1.24991
1.32 -5.70996 -3.77087 0.621984 0.668358 0.123963 -1.24991
1.34 -5.69898 -3.7632 0.596986 0.670837 0.123963 -1.24991
1.36 -5.68777 -3.75579 0.571987 0.673316 0.123963 -1.24991
1.38 -5.67634 -3.74863 0.546989 0.675795 0.123963 -1.24991
1.4 -5.66469 -3.74173 0.521991 0.678275 0.123963 -1.24991
1.42 -5.65282 -3.7351 0.496993 0.680754 0.123963 -1.24991
1.44 -5.64075 -3.72875 0.471994 0.683233 0.123963 -1.24991
1.46 -5.62848 -3.72268 0.446996 0.685713 0.123963 -1.24991
1.48 -5.61602 -3.71689 0.421998 0.688192 0.123963 -1.24991
1.5 -5.60337 -3.7114 0.397 0.690671 0.123963 -1.24991
1.52 -5.59054 -3.70621 0.372001 0.69315 0.123963 -1.24991
1.54 -5.57754 -3.70133 0.347003 0.69563 0.123963 -1.24991
1.56 -5.56438 -3.69675 0.322005 0.698109 0.123963 -1.24991
1.58 -5.55106 -3.69249 0.297007 0.700588 0.123963 -1.24991
1.6 -5.53759 -3.68855 0.272008 0.703067 0.123963 -1.24991
1.62 -5.52397 -3.68494 0.24701 0.705547 0.123963 -1.24991
1.64 -5.51056 -3.68163 0.236202 0.675428 -1.50592 -0.540394
1.66 -5.49771 -3.67861 0.225394 0.64531 -1.50592 -0.540394
1.68 -5.48541 -3.67586 0.214586 0.615192 -1.50592 -0.540394
1.7 -5.47366 -3.67337 0.203779 0.585073 -1.50592 -0.540394
1.72 -5.46249 -3.67112 0.192971 0.554955 -1.50592 -0.540394
1.74 -5.45188 -3.66911 0.182163 0.524837 -1.50592 -0.540394
1.76 -5.44184 -3.66731 0.171355 0.494718 -1.50592 -0.540394
1.78 -5.43238 -3.66573 0.160547 0.4646 -1.50592 -0.540394
1.8 -5.4235 -3.66434 0.149739 0.434482 -1.50592 -0.540394
1.82 -5.4152 -3.66313 0.138931 0.404363 -1.50592 -0.540394
1.84 -5.40748 -3.66209 0.128123 0.374245 -1.50592 -0.540394
1.86 -5.4004 -3.66115 0.136008 0.340334 -1.69558 0.394244
1.88 -5.39399 -3.66025 0.143893 0.306422 -1.69558 0.394244
1.9 -5.38827 -3.6594 0.151778 0.272511 -1.69558 0.394244
1.92 -5.38322 -3.65861 0.159663 0.238599 -1.69558 0.394244
1.94 -5.37884 -3.65789 0.167548 0.204687 -1.69558 0.394244
1.96 -5.37514 -3.65725 0.175433 0.170776 -1.69558 0.394244
1.98 -5.37166 -3.65659 0.195709 0.183957 0.659072 1.01379
2 -5.36793 -3.65581 0.215984 0.197139 0.659072 1.01379
2.02 -5.36396 -3.6549 0.23626 0.21032 0.659072 1.01379
2.04 -5.35975 -3.65384 0.256536 0.223502 0.659072 1.01379
2.06 -5.35531 -3.65263 0.276812 0.236683 0.659072 1.01379
2.08 -5.35064 -3.65125 0.297088 0.249864 0.659072 1.01379
2.1 -5.34576 -3.6497 0.317363 0.263046 0.659072 1.01379
2.12 -5.34065 -3.64796 0.337639 0.276227 0.659072 1.01379
2.14 -5.33533 -3.64603 0.357915 0.289409 0.659072 1.01379
2.16 -5.32981 -3.6439 0.378191 0.30259 0.659072 1.01379
2.18 -5.32409 -3.64156 0.398467 0.315772 0.659072 1.01379
2.2 -5.31817 -3.639 0.418742 0.328953 0.659072 1.01379
2.22 -5.31207 -3.63621 0.439018 0.342135 0.659072 1.01379
2.24 -5.30578 -3.63318 0.459294 0.355316 0.659072 1.01379
2.26 -5.29933 -3.6299 0.47957 0.368497 0.659072 1.01379
2.28 -5.29271 -3.62638 0.499846 0.381679 0.659072 1.01379
2.3 -5.28593 -3.62258 0.520121 0.39486 0.659072 1.01379
2.32 -5.27901 -3.61852 0.540397 0.408042 0.659072 1.01379
2.34 -5.27194 -3.61419 0.560673 0.421223 0.659072 1.01379
2.36 -5.26474 -3.60956 0.580949 0.434405 0.659072 1.01379
2.38 -5.25742 -3.60465 0.601225 0.447586 0.659072 1.01379
2.4 -5.24998 -3.59943 0.6215 0.460768 0.659072 1.01379
2.42 -5.24244 -3.59391 0.641776 0.473949 0.659072 1.01379
2.44 -5.2348 -3.58808 0.662052 0.48713 0.659072 1.01379
2.46 -5.22707 -3.58193 0.682328 0.500312 0.659072 1.01379
2.48 -5.21927 -3.57546 0.702604 0.513493 0.659072 1.01379
2.5 -5.2114 -3.56866 0.722879 0.526675 0.659072 1.01379
2.52 -5.20347 -3.56152 0.743155 0.539856 0.659072 1.01379
2.54 -5.1955 -3.55405 0.763431 0.553038 0.659072 1.01379
2.56 -5.1875 -3.54623 0.783707 0.566219 0.659072 1.01379
2.58 -5.17946 -3.53806 0.803983 0.579401 0.659072 1.01379
2.6 -5.17142 -3.52953 0.824258 0.592582 0.659072 1.01379
2.62 -5.16337 -3.52066 0.844534 0.605763 0.659072 1.01379
2.64 -5.15533 -3.51142 0.86481 0.618945 0.659072 1.01379
2.66 -5.14731 -3.50181 0.885086 0.632126 0.659072 1.01379
2.68 -5.13932 -3.49185 0.905362 0.645308 0.659072 1.01379
2.7 -5.13138 -3.48151 0.925637 0.658489 0.659072 1.01379
2.72 -5.12349 -3.4708 0.945913 0.671671 0.659072 1.01379
2.74 -5.11567 -3.45972 0.966189 0.684852 0.659072 1.01379
2.76 -5.10792 -3.44826 0.986465 0.698033 0.659072 1.01379
2.78 -5.10027 -3.43643 1.00674 0.711215 0.659072 1.01379
2.8 -5.09272 -3.42422 1.02702 0.724396 0.659072 1.01379
2.82 -5.08528 -3.41163 1.04729 0.737578 0.659072 1.01379
2.84 -5.07797 -3.39867 1.06757 0.750759 0.659072 1.01379
2.86 -5.0708 -3.38533 1.08784 0.763941 0.659072 1.01379
2.88 -5.06378 -3.37161 1.10812 0.777122 0.659072 1.01379
2.9 -5.05693 -3.35751 1.1284 0.790304 0.659072 1.01379
2.92 -5.05026 -3.34304 1.14867 0.803485 0.659072 1.01379
2.94 -5.04377 -3.32819 1.16895 0.816666 0.659072 1.01379
2.96 -5.03748 -3.31297 1.18922 0.829848 0.659072 1.01379
2.98 -5.03154 -3.29759 1.21546 0.819702 -0.507284 1.31161
3 -5.02607 -3.28224 1.24169 0.809557 -0.507284 1.31161
3.02 -5.02107 -3.26695 1.26792 0.799411 -0.507284 1.31161
3.04 -5.01653 -3.25172 1.29415 0.789265 -0.507284 1.31161
3.06 -5.01245 -3.23658 1.32038 0.77912 -0.507284 1.31161
3.08 -5.00875 -3.2217 1.33476 0.754456 -1.23316 0.718723
3.1 -5.00539 -3.20724 1.34913 0.729793 -1.23316 0.718723
3.12 -5.00233 -3.19322 1.36351 0.70513 -1.23316 0.718723
3.14 -4.99958 -3.17964 1.37788 0.680466 -1.23316 0.718723
3.16 -4.99711 -3.16651 1.39226 0.655803 -1.23316 0.718723
3.18 -4.99491 -3.15383 1.40663 0.63114 -1.23316 0.718723
3.2 -4.99298 -3.1416 1.421 0.606477 -1.23316 0.718723
3.22 -4.99129 -3.12984 1.43538 0.581813 -1.23316 0.718723
3.24 -4.98983 -3.11855 1.44975 0.55715 -1.23316 0.718723
3.26 -4.98859 -3.10772 1.46413 0.532487 -1.23316 0.718723
3.28 -4.98756 -3.09737 1.4785 0.507823 -1.23316 0.718723
3.3 -4.98672 -3.08749 1.49288 0.48316 -1.23316 0.718723
3.32 -4.98605 -3.0781 1.50725 0.458497 -1.23316 0.718723
3.34 -4.98555 -3.06919 1.52163 0.433833 -1.23316 0.718723
3.36 -4.98519 -3.06077 1.536 0.40917 -1.23316 0.718723
3.38 -4.98497 -3.05284 1.55038 0.384507 -1.23316 0.718723
3.4 -4.98493 -3.04507 1.57988 0.39264 0.406653 1.47515
3.42 -4.98512 -3.03713 1.60938 0.400773 0.406653 1.47515
3.44 -4.98555 -3.02905 1.63888 0.408906 0.406653 1.47515
3.46 -4.98623 -3.02082 1.66839 0.417039 0.406653 1.47515
3.48 -4.98718 -3.01245 1.69789 0.425172 0.406653 1.47515
3.5 -4.98839 -3.00395 1.72739 0.433305 0.406653 1.47515
3.52 -4.98989 -2.99533 1.7569 0.441438 0.406653 1.47515
3.54 -4.99166 -2.9866 1.7864 0.449571 0.406653 1.47515
3.56 -4.99374 -2.97777 1.8159 0.457704 0.406653 1.47515
3.58 -4.99611 -2.96884 1.8454 0.465838 0.406653 1.47515
3.6 -4.99879 -2.95984 1.87491 0.473971 0.406653 1.47515
3.62 -5.00179 -2.95076 1.90441 0.482104 0.406653 1.47515
3.64 -5.00511 -2.94162 1.93391 0.490237 0.406653 1.47515
3.66 -5.00875 -2.93243 1.96342 0.49837 0.406653 1.47515
3.68 -5.01274 -2.92321 1.99292 0.506503 0.406653 1.47515
3.7 -5.01271 -2.92303 1.97514 0.521774 1.17023 0.586136
3.72 -5.01697 -2.91325 1.98686 0.545179 1.17023 0.586136
3.74 -5.02153 -2.90309 1.99858 0.568583 1.17023 0.586136
3.76 -5.02641 -2.89255 2.01031 0.591988 1.17023 0.586136
3.78 -5.03161 -2.88166 2.02203 0.615392 1.17023 0.586136
3.8 -5.03714 -2.8704 2.03375 0.638797 1.17023 0.586136
3.82 -5.04302 -2.8588 2.04548 0.662201 1.17023 0.586136
3.84 -5.04925 -2.84685 2.0572 0.685606 1.17023 0.586136
3.86 -5.05585 -2.83456 2.06892 0.70901 1.17023 0.586136
3.88 -5.06281 -2.82194 2.08064 0.732415 1.17023 0.586136
3.9 -5.07015 -2.80899 2.09237 0.755819 1.17023 0.586136
3.92 -5.07787 -2.79572 2.10409 0.779224 1.17023 0.586136
3.94 -5.08599 -2.78215 2.11581 0.802628 1.17023 0.586136
3.96 -5.09452 -2.76827 2.12753 0.826033 1.17023 0.586136
3.98 -5.10346 -2.7541 2.13926 0.849437 1.17023 0.586136
4 -5.11281 -2.73964 2.15098 0.872842 1.17023 0.586136
4.02 -5.1226 -2.7249 2.1627 0.896246 1.17023 0.586136
4.04 -5.13282 -2.70989 2.17443 0.919651 1.17023 0.586136
4.06 -5.14348 -2.69462 2.18615 0.943055 1.17023 0.586136
4.08 -5.1546 -2.67909 2.19787 0.96646 1.17023 0.586136
4.1 -5.16617 -2.66332 2.20959 0.989864 1.17023 0.586136
4.12 -5.17821 -2.64731 2.22132 1.01327 1.17023 0.586136
4.14 -5.19084 -2.63107 2.24257 1.04491 1.58206 1.06291
4.16 -5.20422 -2.6146 2.26383 1.07655 1.58206 1.06291
4.18 -5.21836 -2.59795 2.28509 1.10819 1.58206 1.06291
4.2 -5.23327 -2.58112 2.30635 1.13983 1.58206 1.06291
4.22 -5.24896 -2.56415 2.32761 1.17148 1.58206 1.06291
4.24 -5.26545 -2.54706 2.34887 1.20312 1.58206 1.06291
4.26 -5.28274 -2.52988 2.37012 1.23476 1.58206 1.06291
4.28 -5.30086 -2.51264 2.39138 1.2664 1.58206 1.06291
4.3 -5.3198 -2.49535 2.41264 1.29804 1.58206 1.06291
4.32 -5.33959 -2.47806 2.4339 1.32968 1.58206 1.06291
4.34 -5.36022 -2.46079 2.45516 1.36132 1.58206 1.06291
4.36 -5.38105 -2.44355 2.44527 1.34204 -0.964164 -0.494147
4.38 -5.40141 -2.42636 2.43539 1.32276 -0.964164 -0.494147
4.4 -5.4213 -2.40922 2.42551 1.30347 -0.964164 -0.494147
4.42 -5.44074 -2.39213 2.41562 1.28419 -0.964164 -0.494147
4.44 -5.45972 -2.37512 2.40574 1.26491 -0.964164 -0.494147
4.46 -5.47824 -2.35817 2.39586 1.24562 -0.964164 -0.494147
4.48 -5.49632 -2.34131 2.38598 1.22634 -0.964164 -0.494147
4.5 -5.51395 -2.32454 2.37609 1.20706 -0.964164 -0.494147
4.52 -5.53114 -2.30786 2.36621 1.18777 -0.964164 -0.494147
4.54 -5.54788 -2.29128 2.35633 1.16849 -0.964164 -0.494147
4.56 -5.56419 -2.27482 2.34644 1.14921 -0.964164 -0.494147
4.58 -5.58007 -2.25847 2.33656 1.12992 -0.964164 -0.494147
4.6 -5.59552 -2.24224 2.32668 1.11064 -0.964164 -0.494147
4.62 -5.61054 -2.22614 2.31679 1.09136 -0.964164 -0.494147
4.64 -5.62515 -2.21018 2.30691 1.07207 -0.964164 -0.494147
4.66 -5.63934 -2.19436 2.29703 1.05279 -0.964164 -0.494147
4.68 -5.65311 -2.1787 2.28715 1.03351 -0.964164 -0.494147
4.7 -5.66648 -2.16319 2.27726 1.01422 -0.964164 -0.494147
4.72 -5.67945 -2.14784 2.26738 0.994941 -0.964164 -0.494147
4.74 -5.69202 -2.13266 2.2575 0.975658 -0.964164 -0.494147
4.76 -5.70419 -2.11766 2.24761 0.956374 -0.964164 -0.494147
4.78 -5.71598 -2.10284 2.23773 0.937091 -0.964164 -0.494147
4.8 -5.72738 -2.08821 2.22785 0.917808 -0.964164 -0.494147
4.82 -5.73841 -2.07378 2.21797 0.898525 -0.964164 -0.494147
4.84 -5.74905 -2.05954 2.20808 0.879241 -0.964164 -0.494147
4.86 -5.75933 -2.04551 2.1982 0.859958 -0.964164 -0.494147
4.88 -5.76925 -2.0317 2.18832 0.840675 -0.964164 -0.494147
4.9 -5.77881 -2.0181 2.17843 0.821391 -0.964164 -0.494147
4.92 -5.78801 -2.00472 2.16855 0.802108 -0.964164 -0.494147
4.94 -5.79686 -1.99158 2.15867 0.782825 -0.964164 -0.494147
4.96 -5.80538 -1.97867 2.14878 0.763542 -0.964164 -0.494147
4.98 -5.81355 -1.966 2.1389 0.744258 -0.964164 -0.494147
5 -5.8214 -1.95358 2.12902 0.724975 -0.964164 -0.494147
5.02 -5.82891 -1.9414 2.11914 0.705692 -0.964164 -0.494147
5.04 -5.83611 -1.92949 2.10925 0.686409 -0.964164 -0.494147
5.06 -5.843 -1.91783 2.09937 0.667125 -0.964164 -0.494147
5.08 -5.84957 -1.90645 2.08949 0.647842 -0.964164 -0.494147
5.1 -5.85584 -1.89533 2.0796 0.628559 -0.964164 -0.494147
5.12 -5.86191 -1.88428 2.06649 0.632183 0.181202 -0.655491
5.14 -5.86787 -1.87309 2.05338 0.635807 0.181202 -0.655491
5.16 -5.87372 -1.86175 2.04027 0.639431 0.181202 -0.655491
5.18 -5.87944 -1.85028 2.02716 0.643055 0.181202 -0.655491
5.2 -5.88505 -1.83866 2.01406 0.646679 0.181202 -0.655491
5.22 -5.89054 -1.82691 2.00095 0.650303 0.181202 -0.655491
5.24 -5.8959 -1.81502 1.98784 0.653927 0.181202 -0.655491
5.26 -5.90113 -1.803 1.97473 0.657551 0.181202 -0.655491
5.28 -5.90623 -1.79084 1.96162 0.661175 0.181202 -0.655491
5.3 -5.9112 -1.77854 1.94851 0.664799 0.181202 -0.655491
5.32 -5.91604 -1.76612 1.9354 0.668423 0.181202 -0.655491
5.34 -5.92074 -1.75357 1.92229 0.672047 0.181202 -0.655491
5.36 -5.92529 -1.74088 1.90918 0.675671 0.181202 -0.655491
5.38 -5.92971 -1.72807 1.89607 0.679295 0.181202 -0.655491
5.4 -5.93398 -1.71514 1.88296 0.682919 0.181202 -0.655491
5.42 -5.9381 -1.70208 1.86985 0.686543 0.181202 -0.655491
5.44 -5.94207 -1.68889 1.85674 0.690167 0.181202 -0.655491
5.46 -5.94588 -1.67559 1.84363 0.693791 0.181202 -0.655491
5.48 -5.94954 -1.66217 1.83052 0.697415 0.181202 -0.655491
5.5 -5.95305 -1.64863 1.81741 0.701039 0.181202 -0.655491
5.52 -5.95639 -1.63498 1.8043 0.704663 0.181202 -0.655491
5.54 -5.95957 -1.62121 1.79119 0.708287 0.181202 -0.655491
5.56 -5.96258 -1.60733 1.77808 0.711911 0.181202 -0.655491
5.58 -5.96543 -1.59334 1.76497 0.715535 0.181202 -0.655491
5.6 -5.9681 -1.57925 1.75186 0.719159 0.181202 -0.655491
5.62 -5.97061 -1.56505 1.73875 0.722784 0.181202 -0.655491
5.64 -5.97293 -1.55074 1.72564 0.726408 0.181202 -0.655491
5.66 -5.97509 -1.53634 1.71253 0.730032 0.181202 -0.655491
5.68 -5.97706 -1.52184 1.69942 0.733656 0.181202 -0.655491
5.7 -5.97885 -1.50724 1.68631 0.73728 0.181202 -0.655491
5.72 -5.98046 -1.49254 1.6732 0.740904 0.181202 -0.655491
5.74 -5.98189 -1.47793 1.66368 0.727446 -0.672881 -0.476211
5.76 -5.98316 -1.46357 1.65415 0.713988 -0.672881 -0.476211
5.78 -5.98427 -1.44947 1.64463 0.700531 -0.672881 -0.476211
5.8 -5.98523 -1.43563 1.6351 0.687073 -0.672881 -0.476211
5.82 -5.98604 -1.42204 1.62558 0.673616 -0.672881 -0.476211
5.84 -5.9867 -1.40872 1.61605 0.660158 -0.672881 -0.476211
5.86 -5.98723 -1.39566 1.60653 0.6467 -0.672881 -0.476211
5.88 -5.98763 -1.38287 1.59701 0.633243 -0.672881 -0.476211
5.9 -5.9879 -1.37034 1.58748 0.619785 -0.672881 -0.476211
5.92 -5.98804 -1.35808 1.57796 0.606327 -0.672881 -0.476211
5.94 -5.98807 -1.34609 1.56843 0.59287 -0.672881 -0.476211
5.96 -5.98799 -1.33437 1.55891 0.579412 -0.672881 -0.476211
5.98 -5.9878 -1.32292 1.54939 0.565955 -0.672881 -0.476211
6 -5.98751 -1.31174 1.53986 0.552497 -0.672881 -0.476211
6.02 -5.98712 -1.30083 1.53034 0.539039 -0.672881 -0.476211
6.04 -5.98664 -1.29019 1.52081 0.525582 -0.672881 -0.476211
6.06 -5.98607 -1.27983 1.51129 0.512124 -0.672881 -0.476211
6.08 -5.98542 -1.26974 1.50176 0.498666 -0.672881 -0.476211
6.1 -5.98469 -1.25993 1.49224 0.485209 -0.672881 -0.476211
6.12 -5.9839 -1.2504 1.48272 0.471751 -0.672881 -0.476211
6.14 -5.98304 -1.24114 1.47319 0.458294 -0.672881 -0.476211
6.16 -5.98211 -1.23215 1.46367 0.444836 -0.672881 -0.476211
6.18 -5.98114 -1.22344 1.45414 0.431378 -0.672881 -0.476211
6.2 -5.98011 -1.21501 1.44462 0.417921 -0.672881 -0.476211
6.22 -5.97903 -1.20686 1.43509 0.404463 -0.672881 -0.476211
6.24 -5.97792 -1.19898 1.42557 0.391005 -0.672881 -0.476211
6.26 -5.97677 -1.19138 1.41605 0.377548 -0.672881 -0.476211
6.28 -5.97559 -1.18406 1.40652 0.36409 -0.672881 -0.476211
6.3 -5.97439 -1.17702 1.397 0.350633 -0.672881 -0.476211
6.32 -5.97317 -1.17025 1.38747 0.337175 -0.672881 -0.476211
6.34 -5.97193 -1.16376 1.37795 0.323717 -0.672881 -0.476211
6.36 -5.97069 -1.15754 1.36842 0.31026 -0.672881 -0.476211
6.38 -5.96944 -1.1516 1.3589 0.296802 -0.672881 -0.476211
6.4 -5.9682 -1.14593 1.34938 0.283344 -0.672881 -0.476211
6.42 -5.96695 -1.14054 1.33985 0.269887 -0.672881 -0.476211
6.44 -5.96573 -1.13542 1.33033 0.256429 -0.672881 -0.476211
6.46 -5.96451 -1.13058 1.3208 0.242972 -0.672881 -0.476211
6.48 -5.96332 -1.12601 1.31128 0.229514 -0.672881 -0.476211
6.5 -5.96216 -1.12171 1.30176 0.216056 -0.672881 -0.476211
6.52 -5.96103 -1.11768 1.29223 0.202599 -0.672881 -0.476211
6.54 -5.95993 -1.11391 1.28271 0.189141 -0.672881 -0.476211
6.56 -5.95885 -1.11008 1.30707 0.209508 1.01833 1.21822
6.58 -5.95775 -1.10582 1.33144 0.229874 1.01833 1.21822
6.6 -5.95667 -1.10114 1.3558 0.250241 1.01833 1.21822
6.62 -5.95563 -1.09604 1.38016 0.270608 1.01833 1.21822
6.64 -5.95463 -1.09052 1.40453 0.290974 1.01833 1.21822
6.66 -5.95371 -1.08456 1.42889 0.311341 1.01833 1.21822
6.68 -5.95288 -1.07819 1.45326 0.331708 1.01833 1.21822
6.7 -5.95216 -1.07139 1.47762 0.352074 1.01833 1.21822
6.72 -5.95157 -1.06417 1.50199 0.372441 1.01833 1.21822
6.74 -5.95114 -1.05653 1.52635 0.392808 1.01833 1.21822
6.76 -5.95088 -1.04847 1.55071 0.413175 1.01833 1.21822
6.78 -5.95081 -1.04 1.57508 0.433541 1.01833 1.21822
6.8 -5.95096 -1.03113 1.59944 0.453908 1.01833 1.21822
6.82 -5.95134 -1.02186 1.62381 0.474275 1.01833 1.21822
6.84 -5.95197 -1.01219 1.64817 0.494641 1.01833 1.21822
6.86 -5.95288 -1.00213 1.67254 0.515008 1.01833 1.21822
6.88 -5.95407 -0.991698 1.6969 0.535375 1.01833 1.21822
6.9 -5.95558 -0.980892 1.72126 0.555741 1.01833 1.21822
6.92 -5.95716 -0.969795 1.70438 0.565245 0.475207 -0.84446
6.94 -5.95859 -0.958484 1.68749 0.57475 0.475207 -0.84446
6.96 -5.95984 -0.946962 1.6706 0.584254 0.475207 -0.84446
6.98 -5.96091 -0.935231 1.65371 0.593758 0.475207 -0.84446
7 -5.9618 -0.923294 1.63682 0.603262 0.475207 -0.84446
7.02 -5.9625 -0.911154 1.61993 0.612766 0.475207 -0.84446
7.04 -5.963 -0.898814 1.60304 0.62227 0.475207 -0.84446
7.06 -5.9633 -0.886278 1.58615 0.631774 0.475207 -0.84446
7.08 -5.96339 -0.873547 1.56926 0.641278 0.475207 -0.84446
7.1 -5.96326 -0.860628 1.55237 0.650783 0.475207 -0.84446
7.12 -5.96291 -0.847522 1.53548 0.660287 0.475207 -0.84446
7.14 -5.96233 -0.834234 1.51859 0.669791 0.475207 -0.84446
7.16 -5.96151 -0.820768 1.50171 0.679295 0.475207 -0.84446
7.18 -5.96045 -0.807128 1.48482 0.688799 0.475207 -0.84446
7.2 -5.95914 -0.793319 1.46793 0.698303 0.475207 -0.84446
7.22 -5.95758 -0.779346 1.45104 0.707807 0.475207 -0.84446
7.24 -5.95576 -0.765212 1.43415 0.717311 0.475207 -0.84446
7.26 -5.95367 -0.750922 1.41726 0.726816 0.475207 -0.84446
7.28 -5.95131 -0.736483 1.40037 0.73632 0.475207 -0.84446
7.3 -5.94867 -0.721898 1.38348 0.745824 0.475207 -0.84446
7.32 -5.94575 -0.707173 1.36659 0.755328 0.475207 -0.84446
7.34 -5.94254 -0.692314 1.3497 0.764832 0.475207 -0.84446
7.36 -5.93904 -0.677327 1.33281 0.774336 0.475207 -0.84446
7.38 -5.93559 -0.66252 1.35084 0.746068 -1.41342 0.901387
7.4 -5.93252 -0.648206 1.36887 0.717799 -1.41342 0.901387
7.42 -5.92982 -0.634394 1.3869 0.689531 -1.41342 0.901387
7.44 -5.92747 -0.621092 1.40492 0.661262 -1.41342 0.901387
7.46 -5.92545 -0.608309 1.42295 0.632994 -1.41342 0.901387
7.48 -5.92374 -0.596051 1.44098 0.604725 -1.41342 0.901387
7.5 -5.92231 -0.584326 1.45901 0.576457 -1.41342 0.901387
7.52 -5.92116 -0.573139 1.47703 0.548188 -1.41342 0.901387
7.54 -5.92025 -0.562496 1.49506 0.51992 -1.41342 0.901387
7.56 -5.91958 -0.552403 1.51309 0.491651 -1.41342 0.901387
7.58 -5.91911 -0.542865 1.53112 0.463383 -1.41342 0.901387
7.6 -5.91883 -0.533884 1.54915 0.435114 -1.41342 0.901387
7.62 -5.91873 -0.525465 1.56717 0.406846 -1.41342 0.901387
7.64 -5.91877 -0.517611 1.5852 0.378577 -1.41342 0.901387
7.66 -5.91894 -0.510324 1.60323 0.350309 -1.41342 0.901387
7.68 -5.91911 -0.503448 1.58875 0.337538 -0.638541 -0.724155
7.7 -5.91918 -0.496826 1.57426 0.324767 -0.638541 -0.724155
7.72 -5.91916 -0.490458 1.55978 0.311996 -0.638541 -0.724155
7.74 -5.91905 -0.484347 1.5453 0.299226 -0.638541 -0.724155
7.76 -5.91886 -0.478493 1.53081 0.286455 -0.638541 -0.724155
7.78 -5.91859 -0.472898 1.51633 0.273684 -0.638541 -0.724155
7.8 -5.91826 -0.467562 1.50185 0.260913 -0.638541 -0.724155
7.82 -5.91788 -0.462487 1.48736 0.248142 -0.638541 -0.724155
7.84 -5.91744 -0.457671 1.47288 0.235371 -0.638541 -0.724155
7.86 -5.91696 -0.453117 1.4584 0.222601 -0.638541 -0.724155
7.88 -5.91644 -0.448823 1.44392 0.20983 -0.638541 -0.724155
7.9 -5.9159 -0.444791 1.42943 0.197059 -0.638541 -0.724155
7.92 -5.91533 -0.44102 1.41495 0.184288 -0.638541 -0.724155
7.94 -5.9148 -0.43751 1.42636 0.170676 -0.680628 0.570308
7.96 -5.91435 -0.434264 1.43776 0.157063 -0.680628 0.570308
7.98 -5.91397 -0.431283 1.44917 0.14345 -0.680628 0.570308
8 -5.91365 -0.428569 1.46057 0.129838 -0.680628 0.570308
8.02 -5.91339 -0.426122 1.47198 0.116225 -0.680628 0.570308
8.04 -5.91319 -0.423943 1.48339 0.102613 -0.680628 0.570308
8.06 -5.91303 -0.422033 1.49479 0.0890002 -0.680628 0.570308
8.08 -5.91292 -0.420393 1.5062 0.0753877 -0.680628 0.570308
8.1 -5.91284 -0.419024 1.5176 0.0617751 -0.680628 0.570308
8.12 -5.91278 -0.417926 1.52901 0.0481625 -0.680628 0.570308
8.14 -5.91275 -0.417099 1.54042 0.03455 -0.680628 0.570308
8.16 -5.91272 -0.416298 1.51665 0.0457155 0.558275 -1.18829
8.18 -5.91265 -0.415274 1.49289 0.056881 0.558275 -1.18829
8.2 -5.91254 -0.41403 1.46912 0.0680465 0.558275 -1.18829
8.22 -5.91237 -0.412567 1.44535 0.079212 0.558275 -1.18829
8.24 -5.91214 -0.410887 1.42159 0.0903775 0.558275 -1.18829
8.26 -5.91183 -0.408993 1.39782 0.101543 0.558275 -1.18829
8.28 -5.91144 -0.406887 1.37406 0.112709 0.558275 -1.18829
8.3 -5.91095 -0.404572 1.35029 0.123874 0.558275 -1.18829
8.32 -5.91035 -0.402053 1.32653 0.13504 0.558275 -1.18829
8.34 -5.90964 -0.399333 1.30276 0.146205 0.558275 -1.18829
8.36 -5.9088 -0.396415 1.27899 0.157371 0.558275 -1.18829
8.38 -5.90782 -0.393305 1.25523 0.168536 0.558275 -1.18829
8.4 -5.9067 -0.390008 1.23146 0.179702 0.558275 -1.18829
8.42 -5.90543 -0.386529 1.2077 0.190867 0.558275 -1.18829
8.44 -5.90399 -0.382873 1.18393 0.202033 0.558275 -1.18829
8.46 -5.90238 -0.379047 1.16016 0.213198 0.558275 -1.18829
8.48 -5.90058 -0.375056 1.1364 0.224364 0.558275 -1.18829
8.5 -5.8986 -0.370908 1.11263 0.235529 0.558275 -1.18829
8.52 -5.89641 -0.366609 1.08887 0.246695 0.558275 -1.18829
8.54 -5.89402 -0.362167 1.0651 0.25786 0.558275 -1.18829
8.56 -5.89141 -0.357588 1.04134 0.269026 0.558275 -1.18829
8.58 -5.88858 -0.352882 1.01757 0.280191 0.558275 -1.18829
8.6 -5.88552 -0.348055 0.993805 0.291357 0.558275 -1.18829
8.62 -5.88222 -0.343117 0.970039 0.302522 0.558275 -1.18829
8.64 -5.87868 -0.338076 0.946273 0.313688 0.558275 -1.18829
8.66 -5.87488 -0.332941 0.922507 0.324853 0.558275 -1.18829
8.68 -5.87083 -0.327721 0.898742 0.336019 0.558275 -1.18829
8.7 -5.86651 -0.322426 0.874976 0.347184 0.558275 -1.18829
8.72 -5.86193 -0.317066 0.85121 0.35835 0.558275 -1.18829
8.74 -5.85706 -0.311649 0.827445 0.369515 0.558275 -1.18829
8.76 -5.85192 -0.306188 0.803679 0.380681 0.558275 -1.18829
8.78 -5.84649 -0.300691 0.779913 0.391846 0.558275 -1.18829
8.8 -5.84078 -0.295169 0.756147 0.403012 0.558275 -1.18829
8.82 -5.83476 -0.289634 0.732382 0.414177 0.558275 -1.18829
8.84 -5.82846 -0.284095 0.708616 0.425343 0.558275 -1.18829
8.86 -5.82185 -0.278565 0.68485 0.436508 0.558275 -1.18829
8.88 -5.81493 -0.273054 0.661084 0.447674 0.558275 -1.18829
8.9 -5.8079 -0.267593 0.658925 0.443035 -0.231952 -0.107965
8.92 -5.80092 -0.262204 0.656766 0.438396 -0.231952 -0.107965
8.94 -5.79401 -0.256887 0.654606 0.433757 -0.231952 -0.107965
8.96 -5.78716 -0.25164 0.652447 0.429118 -0.231952 -0.107965
8.98 -5.78037 -0.246465 0.650288 0.424479 -0.231952 -0.107965
9 -5.77364 -0.241361 0.648129 0.419839 -0.231952 -0.107965
9.02 -5.76698 -0.236327 0.645969 0.4152 -0.231952 -0.107965
9.04 -5.76038 -0.231363 0.64381 0.410561 -0.231952 -0.107965
9.06 -5.75385 -0.226469 0.641651 0.405922 -0.231952 -0.107965
9.08 -5.74737 -0.221645 0.639491 0.401283 -0.231952 -0.107965
9.1 -5.74097 -0.21689 0.637332 0.396644 -0.231952 -0.107965
9.12 -5.73462 -0.212204 0.635173 0.392005 -0.231952 -0.107965
9.14 -5.72834 -0.207586 0.633013 0.387366 -0.231952 -0.107965
9.16 -5.72213 -0.203037 0.630854 0.382727 -0.231952 -0.107965
9.18 -5.71598 -0.198557 0.628695 0.378088 -0.231952 -0.107965
9.2 -5.7099 -0.194143 0.626535 0.373449 -0.231952 -0.107965
9.22 -5.70388 -0.189798 0.624376 0.36881 -0.231952 -0.107965
9.24 -5.69793 -0.185519 0.622217 0.364171 -0.231952 -0.107965
9.26 -5.69204 -0.181307 0.620058 0.359532 -0.231952 -0.107965
9.28 -5.68623 -0.177162 0.617898 0.354893 -0.231952 -0.107965
9.3 -5.68047 -0.173083 0.615739 0.350254 -0.231952 -0.107965
9.32 -5.67479 -0.16907 0.61358 0.345615 -0.231952 -0.107965
9.34 -5.66917 -0.165123 0.61142 0.340976 -0.231952 -0.107965
9.36 -5.66362 -0.161241 0.609261 0.336337 -0.231952 -0.107965
9.38 -5.65814 -0.157424 0.607102 0.331698 -0.231952 -0.107965
9.4 -5.65272 -0.153672 0.604942 0.327059 -0.231952 -0.107965
9.42 -5.64738 -0.149984 0.602783 0.32242 -0.231952 -0.107965
9.44 -5.6421 -0.14636 0.600624 0.317781 -0.231952 -0.107965
9.46 -5.63689 -0.1428 0.598465 0.313142 -0.231952 -0.107965
9.48 -5.63175 -0.139303 0.596305 0.308503 -0.231952 -0.107965
9.5 -5.62668 -0.13587 0.594146 0.303864 -0.231952 -0.107965
9.52 -5.62168 -0.132499 0.591987 0.299225 -0.231952 -0.107965
9.54 -5.61675 -0.129191 0.589827 0.294585 -0.231952 -0.107965
9.56 -5.61189 -0.125945 0.587668 0.289946 -0.231952 -0.107965
9.58 -5.6071 -0.122761 0.585509 0.285307 -0.231952 -0.107965
9.6 -5.60238 -0.119638 0.583349 0.280668 -0.231952 -0.107965
9.62 -5.59773 -0.116577 0.58119 0.276029 -0.231952 -0.107965
9.64 -5.59315 -0.113576 0.579031 0.27139 -0.231952 -0.107965
9.66 -5.58864 -0.110636 0.576871 0.266751 -0.231952 -0.107965
9.68 -5.5842 -0.107757 0.574712 0.262112 -0.231952 -0.107965
9.7 -5.57984 -0.104937 0.572553 0.257473 -0.231952 -0.107965
9.72 -5.57555 -0.102177 0.570394 0.252834 -0.231952 -0.107965
9.74 -5.57133 -0.0994758 0.568234 0.248195 -0.231952 -0.107965
9.76 -5.56718 -0.096834 0.566075 0.243556 -0.231952 -0.107965
9.78 -5.56311 -0.0942507 0.563916 0.238917 -0.231952 -0.107965
9.8 -5.5591 -0.0917258 0.561756 0.234278 -0.231952 -0.107965
9.82 -5.55517 -0.0892589 0.559597 0.229639 -0.231952 -0.107965
9.84 -5.55132 -0.0868496 0.557438 0.225 -0.231952 -0.107965
9.86 -5.54754 -0.0844976 0.555278 0.220361 -0.231952 -0.107965
9.88 -5.54383 -0.0822027 0.553119 0.215722 -0.231952 -0.107965
9.9 -5.53989 -0.0797282 0.569163 0.249131 1.67046 0.802178
9.92 -5.53544 -0.0768264 0.585206 0.28254 1.67046 0.802178
9.94 -5.53048 -0.0734799 0.60125 0.31595 1.67046 0.802178
9.96 -5.52502 -0.0696718 0.617293 0.349359 1.67046 0.802178
9.98 -5.51909 -0.0653856 0.633337 0.382768 1.67046 0.802178
10 -5.51269 -0.060605 0.649381 0.416177 1.67046 0.802178
10.02 -5.50583 -0.055314 0.665424 0.449586 1.67046 0.802178
10.04 -5.49854 -0.049497 0.681468 0.482996 1.67046 0.802178
10.06 -5.49083 -0.0431387 0.697511 0.516405 1.67046 0.802178
10.08 -5.48272 -0.0362243 0.713555 0.549814 1.67046 0.802178
10.1 -5.47421 -0.0287392 0.729598 0.583223 1.67046 0.802178
10.12 -5.46533 -0.0206693 0.745642 0.616633 1.67046 0.802178
10.14 -5.4561 -0.0120007 0.761686 0.650042 1.67046 0.802178
10.16 -5.44652 -0.00272005 0.777729 0.683451 1.67046 0.802178
10.18 -5.43662 0.00718566 0.793773 0.71686 1.67046 0.802178
10.2 -5.42642 0.017729 0.809816 0.750269 1.67046 0.802178
10.22 -5.41593 0.0289223 0.82586 0.783679 1.67046 0.802178
10.24 -5.40518 0.0407771 0.841903 0.817088 1.67046 0.802178
10.26 -5.39417 0.053305 0.857947 0.850497 1.67046 0.802178
10.28 -5.38293 0.0665168 0.87399 0.883906 1.67046 0.802178
10.3 -5.37149 0.080423 0.890034 0.917315 1.67046 0.802178
10.32 -5.35985 0.0950337 0.906078 0.950725 1.67046 0.802178
10.34 -5.34804 0.110358 0.922121 0.984134 1.67046 0.802178
10.36 -5.33607 0.126406 0.938165 1.01754 1.67046 0.802178
10.38 -5.32398 0.143186 0.954208 1.05095 1.67046 0.802178
10.4 -5.31177 0.160706 0.970252 1.08436 1.67046 0.802178
10.42 -5.29947 0.178974 0.986295 1.11777 1.67046 0.802178
10.44 -5.28711 0.197997 1.00234 1.15118 1.67046 0.802178
10.46 -5.27469 0.217781 1.01838 1.18459 1.67046 0.802178
10.48 -5.26225 0.238334 1.03443 1.218 1.67046 0.802178
10.5 -5.2498 0.259661 1.05047 1.25141 1.67046 0.802178
10.52 -5.23737 0.281768 1.06651 1.28482 1.67046 0.802178
10.54 -5.22498 0.304658 1.08256 1.31823 1.67046 0.802178
10.56 -5.21264 0.328337 1.0986 1.35164 1.67046 0.802178
10.58 -5.20039 0.352809 1.11464 1.38504 1.67046 0.802178
10.6 -5.18825 0.378076 1.13069 1.41845 1.67046 0.802178
10.62 -5.17623 0.404141 1.14673 1.45186 1.67046 0.802178
10.64 -5.16436 0.431007 1.16277 1.48527 1.67046 0.802178
10.66 -5.15266 0.458675 1.17882 1.51868 1.67046 0.802178
10.68 -5.14116 0.487147 1.19486 1.55209 1.67046 0.802178
10.7 -5.12988 0.516423 1.21091 1.5855 1.67046 0.802178
10.72 -5.11883 0.546504 1.22695 1.61891 1.67046 0.802178
10.74 -5.10807 0.577365 1.24336 1.64963 1.53612 0.820664
10.76 -5.09762 0.608983 1.25978 1.68035 1.53612 0.820664
10.78 -5.08751 0.641354 1.27619 1.71108 1.53612 0.820664
10.8 -5.07775 0.674476 1.2926 1.7418 1.53612 0.820664
10.82 -5.06838 0.708346 1.30902 1.77252 1.53612 0.820664
10.84 -5.05941 0.74296 1.32543 1.80324 1.53612 0.820664
10.86 -5.05087 0.778314 1.34184 1.83397 1.53612 0.820664
10.88 -5.04277 0.814403 1.35826 1.86469 1.53612 0.820664
10.9 -5.03514 0.851221 1.37467 1.89541 1.53612 0.820664
10.92 -5.028 0.888763 1.39108 1.92613 1.53612 0.820664
10.94 -5.02138 0.927023 1.4075 1.95686 1.53612 0.820664
10.96 -5.01528 0.965994 1.42391 1.98758 1.53612 0.820664
10.98 -5.00975 1.00567 1.44032 2.0183 1.53612 0.820664
11 -5.00479 1.04604 1.45673 2.04902 1.53612 0.820664
11.02 -5.00042 1.08709 1.47315 2.07974 1.53612 0.820664
11.04 -4.99668 1.12883 1.48956 2.11047 1.53612 0.820664
11.06 -4.99358 1.17123 1.50597 2.14119 1.53612 0.820664
11.08 -4.99114 1.21429 1.52239 2.17191 1.53612 0.820664
11.1 -4.98938 1.258 1.5388 2.20263 1.53612 0.820664
11.12 -4.98833 1.30235 1.55521 2.23336 1.53612 0.820664
11.14 -4.988 1.34732 1.57163 2.26408 1.53612 0.820664
11.16 -4.98841 1.39291 1.58804 2.2948 1.53612 0.820664
11.18 -4.98959 1.4391 1.60445 2.32552 1.53612 0.820664
11.2 -4.9908 1.4857 1.58915 2.33635 0.541122 -0.765433
11.22 -4.9913 1.53253 1.57384 2.34717 0.541122 -0.765433
11.24 -4.99108 1.57958 1.55853 2.35799 0.541122 -0.765433
11.26 -4.99014 1.62684 1.54322 2.36881 0.541122 -0.765433
11.28 -4.98847 1.67429 1.52791 2.37964 0.541122 -0.765433
11.3 -4.98606 1.72193 1.5126 2.39046 0.541122 -0.765433
11.32 -4.98291 1.76975 1.49729 2.40128 0.541122 -0.765433
11.34 -4.979 1.81772 1.48199 2.4121 0.541122 -0.765433
11.36 -4.97435 1.86585 1.46668 2.42293 0.541122 -0.765433
11.38 -4.96893 1.91411 1.45137 2.43375 0.541122 -0.765433
11.4 -4.96275 1.9625 1.43606 2.44457 0.541122 -0.765433
11.42 -4.95579 2.011 1.42075 2.45539 0.541122 -0.765433
11.44 -4.94806 2.05961 1.40544 2.46622 0.541122 -0.765433
11.46 -4.9393 2.1081 1.37856 2.46161 -0.230298 -1.34429
11.48 -4.92925 2.15625 1.35167 2.457 -0.230298 -1.34429
11.5 -4.91794 2.20402 1.32478 2.4524 -0.230298 -1.34429
11.52 -4.90537 2.25138 1.2979 2.44779 -0.230298 -1.34429
11.54 -4.89156 2.29829 1.27101 2.44319 -0.230298 -1.34429
11.56 -4.87651 2.34473 1.24413 2.43858 -0.230298 -1.34429
11.58 -4.86026 2.39067 1.21724 2.43397 -0.230298 -1.34429
11.6 -4.84281 2.43606 1.19036 2.42937 -0.230298 -1.34429
11.62 -4.82418 2.48088 1.16347 2.42476 -0.230298 -1.34429
11.64 -4.80439 2.52511 1.13658 2.42016 -0.230298 -1.34429
11.66 -4.78346 2.5687 1.1097 2.41555 -0.230298 -1.34429
11.68 -4.76141 2.61163 1.08281 2.41094 -0.230298 -1.34429
11.7 -4.73825 2.65387 1.05593 2.40634 -0.230298 -1.34429
11.72 -4.71402 2.69539 1.02904 2.40173 -0.230298 -1.34429
11.74 -4.68873 2.73617 1.00216 2.39713 -0.230298 -1.34429
11.76 -4.66239 2.77618 0.975269 2.39252 -0.230298 -1.34429
11.78 -4.63505 2.81539 0.948384 2.38791 -0.230298 -1.34429
11.8 -4.60672 2.85378 0.921498 2.38331 -0.230298 -1.34429
11.82 -4.57742 2.89131 0.894612 2.3787 -0.230298 -1.34429
11.84 -4.54718 2.92798 0.867726 2.3741 -0.230298 -1.34429
11.86 -4.51603 2.96375 0.840841 2.36949 -0.230298 -1.34429
11.88 -4.48399 2.9986 0.813955 2.36488 -0.230298 -1.34429
11.9 -4.45108 3.03252 0.787069 2.36028 -0.230298 -1.34429
11.92 -4.41735 3.06547 0.760183 2.35567 -0.230298 -1.34429
11.94 -4.38281 3.09744 0.733297 2.35107 -0.230298 -1.34429
11.96 -4.34749 3.12841 0.706412 2.34646 -0.230298 -1.34429
11.98 -4.31142 3.15835 0.679526 2.34185 -0.230298 -1.34429
12 -4.27463 3.18727 0.65264 2.33725 -0.230298 -1.34429
12.02 -4.23715 3.21512 0.625754 2.33264 -0.230298 -1.34429
12.04 -4.19901 3.24191 0.598868 2.32804 -0.230298 -1.34429
12.06 -4.16025 3.26761 0.571983 2.32343 -0.230298 -1.34429
12.08 -4.12088 3.29221 0.545097 2.31882 -0.230298 -1.34429
12.1 -4.08095 3.3157 0.518211 2.31422 -0.230298 -1.34429
12.12 -4.04047 3.33806 0.491325 2.30961 -0.230298 -1.34429
12.14 -3.9995 3.35928 0.46444 2.30501 -0.230298 -1.34429
12.16 -3.95805 3.37936 0.437554 2.3004 -0.230298 -1.34429
12.18 -3.91616 3.39827 0.410668 2.29579 -0.230298 -1.34429
12.2 -3.87387 3.41601 0.383782 2.29119 -0.230298 -1.34429
12.22 -3.83119 3.43258 0.356896 2.28658 -0.230298 -1.34429
12.24 -3.78818 3.44797 0.330011 2.28198 -0.230298 -1.34429
12.26 -3.74485 3.46216 0.303125 2.27737 -0.230298 -1.34429
12.28 -3.70125 3.47516 0.276239 2.27276 -0.230298 -1.34429
12.3 -3.6574 3.48695 0.249353 2.26816 -0.230298 -1.34429
12.32 -3.61334 3.49755 0.222468 2.26355 -0.230298 -1.34429
12.34 -3.5691 3.50693 0.195582 2.25895 -0.230298 -1.34429
12.36 -3.52471 3.51511 0.168696 2.25434 -0.230298 -1.34429
12.38 -3.48022 3.52207 0.14181 2.24973 -0.230298 -1.34429
12.4 -3.43564 3.52782 0.114924 2.24513 -0.230298 -1.34429
12.42 -3.39101 3.53237 0.0880387 2.24052 -0.230298 -1.34429
12.44 -3.34637 3.5357 0.0611529 2.23592 -0.230298 -1.34429
12.46 -3.30157 3.53813 0.0468388 2.25105 0.756443 -0.715704
12.48 -3.25643 3.53992 0.0325247 2.26617 0.756443 -0.715704
12.5 -3.21098 3.54107 0.0182106 2.2813 0.756443 -0.715704
12.52 -3.1652 3.54158 0.00389654 2.29643 0.756443 -0.715704
12.54 -3.11912 3.54143 -0.0104176 2.31156 0.756443 -0.715704
12.56 -3.07275 3.54061 -0.0247316 2.32669 0.756443 -0.715704
12.58 -3.02609 3.53912 -0.0390457 2.34182 0.756443 -0.715704
12.6 -2.97915 3.53695 -0.0533598 2.35695 0.756443 -0.715704
12.62 -2.93195 3.53409 -0.0676739 2.37208 0.756443 -0.715704
12.64 -2.88449 3.53053 -0.081988 2.38721 0.756443 -0.715704
12.66 -2.83678 3.52627 -0.0963021 2.40233 0.756443 -0.715704
12.68 -2.78884 3.52129 -0.110616 2.41746 0.756443 -0.715704
12.7 -2.74068 3.51559 -0.12493 2.43259 0.756443 -0.715704
12.72 -2.6923 3.50916 -0.139244 2.44772 0.756443 -0.715704
12.74 -2.64372 3.502 -0.153558 2.46285 0.756443 -0.715704
12.76 -2.59495 3.49409 -0.167873 2.47798 0.756443 -0.715704
12.78 -2.546 3.48544 -0.182187 2.49311 0.756443 -0.715704
12.8 -2.49688 3.47602 -0.196501 2.50824 0.756443 -0.715704
12.82 -2.4476 3.46584 -0.210815 2.52337 0.756443 -0.715704
12.84 -2.39818 3.4549 -0.225129 2.53849 0.756443 -0.715704
12.86 -2.34863 3.44318 -0.239443 2.55362 0.756443 -0.715704
12.88 -2.29896 3.43067 -0.253757 2.56875 0.756443 -0.715704
12.9 -2.24917 3.41738 -0.268071 2.58388 0.756443 -0.715704
12.92 -2.1993 3.40329 -0.282385 2.59901 0.756443 -0.715704
12.94 -2.14934 3.38841 -0.296699 2.61414 0.756443 -0.715704
12.96 -2.0993 3.37272 -0.311013 2.62927 0.756443 -0.715704
12.98 -2.04921 3.35622 -0.325327 2.6444 0.756443 -0.715704
13 -1.99908 3.33891 -0.339642 2.65953 0.756443 -0.715704
13.02 -1.94892 3.32078 -0.353956 2.67465 0.756443 -0.715704
13.04 -1.89873 3.30183 -0.36827 2.68978 0.756443 -0.715704
13.06 -1.84854 3.28205 -0.382584 2.70491 0.756443 -0.715704
13.08 -1.79836 3.26143 -0.396898 2.72004 0.756443 -0.715704
13.1 -1.7482 3.23999 -0.411212 2.73517 0.756443 -0.715704
13.12 -1.69808 3.2177 -0.425526 2.7503 0.756443 -0.715704
13.14 -1.64801 3.19457 -0.43984 2.76543 0.756443 -0.715704
13.16 -1.59761 3.17175 -0.410696 2.76738 0.097881 1.45719
13.18 -1.54653 3.15038 -0.381552 2.76934 0.097881 1.45719
13.2 -1.49481 3.13051 -0.352409 2.7713 0.097881 1.45719
13.22 -1.44251 3.11213 -0.323265 2.77326 0.097881 1.45719
13.24 -1.38964 3.09527 -0.294121 2.77522 0.097881 1.45719
13.26 -1.33628 3.07995 -0.264977 2.77717 0.097881 1.45719
13.28 -1.28245 3.06619 -0.235833 2.77913 0.097881 1.45719
13.3 -1.22821 3.05398 -0.206689 2.78109 0.097881 1.45719
13.32 -1.17359 3.04336 -0.177545 2.78305 0.097881 1.45719
13.34 -1.11865 3.03433 -0.148401 2.785 0.097881 1.45719
13.36 -1.06343 3.02689 -0.119257 2.78696 0.097881 1.45719
13.38 -1.00798 3.02107 -0.0901134 2.78892 0.097881 1.45719
13.4 -0.952341 3.01685 -0.0609695 2.79088 0.097881 1.45719
13.42 -0.896566 3.01427 -0.0318256 2.79283 0.097881 1.45719
13.44 -0.8407 3.0133 -0.00268172 2.79479 0.097881 1.45719
13.46 -0.78479 3.01397 0.0264622 2.79675 0.097881 1.45719
13.48 -0.728885 3.01626 0.0556061 2.79871 0.097881 1.45719
13.5 -0.673031 3.02019 0.08475 2.80066 0.097881 1.45719
13.52 -0.617276 3.02574 0.113894 2.80262 0.097881 1.45719
13.54 -0.561668 3.03293 0.143038 2.80458 0.097881 1.45719
13.56 -0.506255 3.04173 0.172182 2.80654 0.097881 1.45719
13.58 -0.451158 3.05104 0.162527 2.78121 -1.26643 -0.482717
13.6 -0.396475 3.05974 0.152873 2.75588 -1.26643 -0.482717
13.62 -0.342211 3.06783 0.143219 2.73055 -1.26643 -0.482717
13.64 -0.288373 3.07533 0.133564 2.70522 -1.26643 -0.482717
13.66 -0.234968 3.08224 0.12391 2.67989 -1.26643 -0.482717
13.68 -0.182001 3.08858 0.114256 2.65457 -1.26643 -0.482717
13.7 -0.129479 3.09435 0.104601 2.62924 -1.26643 -0.482717
13.72 -0.0774084 3.09957 0.094947 2.60391 -1.26643 -0.482717
13.74 -0.0257941 3.10423 0.0852926 2.57858 -1.26643 -0.482717
13.76 0.0253579 3.10836 0.0756383 2.55325 -1.26643 -0.482717
13.78 0.0760421 3.11195 0.065984 2.52792 -1.26643 -0.482717
13.8 0.126253 3.11503 0.0563296 2.50259 -1.26643 -0.482717
13.82 0.175985 3.11759 0.0466753 2.47726 -1.26643 -0.482717
13.84 0.225234 3.11965 0.0370209 2.45194 -1.26643 -0.482717
13.86 0.273994 3.12122 0.0273666 2.42661 -1.26643 -0.482717
13.88 0.32226 3.12231 0.0177123 2.40128 -1.26643 -0.482717
13.9 0.370028 3.12293 0.00805793 2.37595 -1.26643 -0.482717
13.92 0.417294 3.12308 -0.00159641 2.35062 -1.26643 -0.482717
13.94 0.464052 3.12278 -0.0112507 2.32529 -1.26643 -0.482717
13.96 0.510298 3.12204 -0.0209051 2.29996 -1.26643 -0.482717
13.98 0.556029 3.12086 -0.0305594 2.27464 -1.26643 -0.482717
14 0.60124 3.11926 -0.0402138 2.24931 -1.26643 -0.482717
14.02 0.645927 3.11725 -0.0498681 2.22398 -1.26643 -0.482717
14.04 0.690087 3.11483 -0.0595224 2.19865 -1.26643 -0.482717
14.06 0.733716 3.11202 -0.0691768 2.17332 -1.26643 -0.482717
14.08 0.776811 3.10882 -0.0788311 2.14799 -1.26643 -0.482717
14.1 0.819368 3.10526 -0.0884855 2.12266 -1.26643 -0.482717
14.12 0.861384 3.10133 -0.0981398 2.09733 -1.26643 -0.482717
14.14 0.902857 3.09704 -0.107794 2.07201 -1.26643 -0.482717
14.16 0.943782 3.09241 -0.117448 2.04668 -1.26643 -0.482717
14.18 0.984159 3.08745 -0.127103 2.02135 -1.26643 -0.482717
14.2 1.02398 3.08217 -0.136757 1.99602 -1.26643 -0.482717
14.22 1.06325 3.07657 -0.146411 1.97069 -1.26643 -0.482717
14.24 1.10197 3.07067 -0.156066 1.94536 -1.26643 -0.482717
14.26 1.14022 3.0649 -0.143226 1.92298 -1.11936 0.641993
14.28 1.1781 3.05969 -0.130386 1.90059 -1.11936 0.641993
14.3 1.21559 3.05501 -0.117546 1.8782 -1.11936 0.641993
14.32 1.2527 3.05087 -0.104706 1.85581 -1.11936 0.641993
14.34 1.28942 3.04725 -0.0918665 1.83343 -1.11936 0.641993
14.36 1.32573 3.04414 -0.0790266 1.81104 -1.11936 0.641993
14.38 1.36163 3.04153 -0.0661868 1.78865 -1.11936 0.641993
14.4 1.39712 3.03941 -0.0533469 1.76627 -1.11936 0.641993
14.42 1.43218 3.03776 -0.0405071 1.74388 -1.11936 0.641993
14.44 1.46681 3.03658 -0.0276672 1.72149 -1.11936 0.641993
14.46 1.50101 3.03585 -0.0148273 1.6991 -1.11936 0.641993
14.48 1.53477 3.03557 -0.00198747 1.67672 -1.11936 0.641993
14.5 1.56808 3.03571 0.0108524 1.65433 -1.11936 0.641993
14.52 1.60093 3.03628 0.0236923 1.63194 -1.11936 0.641993
14.54 1.63333 3.03726 0.0365321 1.60956 -1.11936 0.641993
14.56 1.66527 3.03863 0.049372 1.58717 -1.11936 0.641993
14.58 1.69674 3.04038 0.0622118 1.56478 -1.11936 0.641993
14.6 1.72774 3.04251 0.0750517 1.54239 -1.11936 0.641993
14.62 1.75826 3.04501 0.0878916 1.52001 -1.11936 0.641993
14.64 1.7883 3.04785 0.100731 1.49762 -1.11936 0.641993
14.66 1.81786 3.05103 0.113571 1.47523 -1.11936 0.641993
14.68 1.84693 3.05453 0.126411 1.45285 -1.11936 0.641993
14.7 1.87551 3.05835 0.139251 1.43046 -1.11936 0.641993
14.72 1.9036 3.06247 0.152091 1.40807 -1.11936 0.641993
14.74 1.93118 3.06688 0.164931 1.38568 -1.11936 0.641993
14.76 1.95827 3.07157 0.177771 1.3633 -1.11936 0.641993
14.78 1.98491 3.07604 0.154914 1.33839 -1.24557 -1.14283
14.8 2.01116 3.07983 0.132058 1.31347 -1.24557 -1.14283
14.82 2.03699 3.08296 0.109201 1.28856 -1.24557 -1.14283
14.84 2.06239 3.08546 0.0863444 1.26365 -1.24557 -1.14283
14.86 2.08734 3.08733 0.0634879 1.23874 -1.24557 -1.14283
14.88 2.11183 3.08861 0.0406313 1.21383 -1.24557 -1.14283
14.9 2.13585 3.08931 0.0177748 1.18892 -1.24557 -1.14283
14.92 2.15938 3.08946 -0.00508178 1.16401 -1.24557 -1.14283
14.94 2.18241 3.08908 -0.0279383 1.13909 -1.24557 -1.14283
14.96 2.20492 3.0882 -0.0507949 1.11418 -1.24557 -1.14283
14.98 2.22691 3.08683 -0.0736514 1.08927 -1.24557 -1.14283
15 2.24837 3.085 -0.096508 1.06436 -1.24557 -1.14283
15.02 2.26929 3.08273 -0.119365 1.03945 -1.24557 -1.14283
15.04 2.28965 3.08005 -0.142221 1.01454 -1.24557 -1.14283
15.06 2.30945 3.07699 -0.165078 0.989625 -1.24557 -1.14283
15.08 2.32869 3.07356 -0.187934 0.964714 -1.24557 -1.14283
15.1 2.34736 3.06979 -0.210791 0.939803 -1.24557 -1.14283
15.12 2.36545 3.0657 -0.233647 0.914891 -1.24557 -1.14283
15.14 2.38296 3.06132 -0.256504 0.88998 -1.24557 -1.14283
15.16 2.39989 3.05668 -0.27936 0.865068 -1.24557 -1.14283
15.18 2.41622 3.05179 -0.302217 0.840157 -1.24557 -1.14283
15.2 2.43197 3.04668 -0.325073 0.815245 -1.24557 -1.14283
15.22 2.44712 3.04138 -0.34793 0.790334 -1.24557 -1.14283
15.24 2.46169 3.03591 -0.370787 0.765423 -1.24557 -1.14283
15.26 2.47593 3.0305 -0.355701 0.757974 -0.37244 0.754281
15.28 2.49011 3.02535 -0.340615 0.750525 -0.37244 0.754281
15.3 2.50422 3.02047 -0.32553 0.743076 -0.37244 0.754281
15.32 2.51827 3.01584 -0.310444 0.735627 -0.37244 0.754281
15.34 2.53224 3.01148 -0.295358 0.728179 -0.37244 0.754281
15.36 2.54613 3.00737 -0.280273 0.72073 -0.37244 0.754281
15.38 2.55994 3.0035 -0.265187 0.713281 -0.37244 0.754281
15.4 2.57366 2.99989 -0.250102 0.705832 -0.37244 0.754281
15.42 2.5873 2.99651 -0.235016 0.698383 -0.37244 0.754281
15.44 2.60083 2.99338 -0.21993 0.690934 -0.37244 0.754281
15.46 2.61398 2.99058 -0.199868 0.653924 -1.85051 1.00314
15.48 2.62646 2.98818 -0.179805 0.616914 -1.85051 1.00314
15.5 2.63826 2.98615 -0.159742 0.579904 -1.85051 1.00314
15.52 2.64936 2.98448 -0.139679 0.542893 -1.85051 1.00314
15.54 2.65976 2.98312 -0.119616 0.505883 -1.85051 1.00314
15.56 2.66945 2.98205 -0.0995531 0.468873 -1.85051 1.00314
15.58 2.67842 2.98125 -0.0794903 0.431863 -1.85051 1.00314
15.6 2.68667 2.98067 -0.0594274 0.394852 -1.85051 1.00314
15.62 2.69418 2.9803 -0.0393645 0.357842 -1.85051 1.00314
15.64 2.70097 2.9801 -0.0193016 0.320832 -1.85051 1.00314
15.66 2.70701 2.98004 0.000761253 0.283822 -1.85051 1.00314
15.68 2.71232 2.9801 0.0208241 0.246811 -1.85051 1.00314
15.7 2.71688 2.98024 0.040887 0.209801 -1.85051 1.00314
15.72 2.72071 2.98043 0.0609499 0.172791 -1.85051 1.00314
15.74 2.72378 2.98065 0.0810128 0.135781 -1.85051 1.00314
15.76 2.72612 2.98086 0.101076 0.0987704 -1.85051 1.00314
15.78 2.72771 2.98104 0.121139 0.0617602 -1.85051 1.00314
15.8 2.72857 2.98115 0.141201 0.0247499 -1.85051 1.00314
15.82 2.7287 2.98117 0.161264 -0.0122603 -1.85051 1.00314
15.84 2.72809 2.98106 0.181327 -0.0492706 -1.85051 1.00314
15.86 2.72676 2.9808 0.20139 -0.0862808 -1.85051 1.00314
15.88 2.72471 2.98036 0.221453 -0.123291 -1.85051 1.00314
15.9 2.72195 2.97971 0.241516 -0.160301 -1.85051 1.00314
15.92 2.71849 2.97882 0.261579 -0.197312 -1.85051 1.00314
15.94 2.71433 2.97766 0.281642 -0.234322 -1.85051 1.00314
15.96 2.71018 2.97642 0.298035 -0.198415 1.79533 0.819654
15.98 2.70674 2.97534 0.314428 -0.162509 1.79533 0.819654
16 2.704 2.97442 0.330821 -0.126602 1.79533 0.819654
16.02 2.70195 2.9737 0.347214 -0.0906958 1.79533 0.819654
16.04 2.70059 2.97319 0.363607 -0.0547893 1.79533 0.819654
16.06 2.6999 2.97293 0.38 -0.0188828 1.79533 0.819654
16.08 2.69988 2.97292 0.396393 0.0170238 1.79533 0.819654
16.1 2.70052 2.9732 0.412786 0.0529303 1.79533 0.819654
16.12 2.70182 2.97378 0.429179 0.0888368 1.79533 0.819654
16.14 2.70375 2.97468 0.445572 0.124743 1.79533 0.819654
16.16 2.70632 2.97593 0.461966 0.16065 1.79533 0.819654
16.18 2.7095 2.97755 0.478359 0.196556 1.79533 0.819654
16.2 2.71329 2.97956 0.494752 0.232463 1.79533 0.819654
16.22 2.71768 2.98198 0.511145 0.268369 1.79533 0.819654
16.24 2.72265 2.98482 0.527538 0.304276 1.79533 0.819654
16.26 2.72819 2.98811 0.543931 0.340182 1.79533 0.819654
16.28 2.73429 2.99187 0.560324 0.376089 1.79533 0.819654
16.3 2.74093 2.99611 0.576717 0.411995 1.79533 0.819654
16.32 2.7481 3.00086 0.59311 0.447902 1.79533 0.819654
16.34 2.75578 3.00613 0.609503 0.483808 1.79533 0.819654
16.36 2.76396 3.01194 0.625896 0.519715 1.79533 0.819654
16.38 2.77262 3.01831 0.642289 0.555621 1.79533 0.819654
16.4 2.78175 3.02526 0.658683 0.591528 1.79533 0.819654
16.42 2.79133 3.0328 0.675076 0.627434 1.79533 0.819654
16.44 2.80134 3.04095 0.691469 0.663341 1.79533 0.819654
16.46 2.81176 3.04973 0.707862 0.699248 1.79533 0.819654
16.48 2.82258 3.05914 0.724255 0.735154 1.79533 0.819654
16.5 2.83378 3.06922 0.740648 0.771061 1.79533 0.819654
16.52 2.84534 3.07996 0.757041 0.806967 1.79533 0.819654
16.54 2.85724 3.09139 0.773434 0.842874 1.79533 0.819654
16.56 2.86946 3.10352 0.789827 0.87878 1.79533 0.819654
16.58 2.88198 3.11636 0.80622 0.914687 1.79533 0.819654
16.6 2.89478 3.12993 0.822613 0.950593 1.79533 0.819654
16.62 2.90784 3.14423 0.839007 0.9865 1.79533 0.819654
16.64 2.92114 3.15929 0.8554 1.02241 1.79533 0.819654
16.66 2.93465 3.17511 0.871793 1.05831 1.79533 0.819654
16.68 2.94837 3.1917 0.888186 1.09422 1.79533 0.819654
16.7 2.96226 3.20907 0.904579 1.13013 1.79533 0.819654
16.72 2.9763 3.22724 0.920972 1.16603 1.79533 0.819654
16.74 2.99047 3.24621 0.937365 1.20194 1.79533 0.819654
16.76 3.00475 3.26599 0.953758 1.23785 1.79533 0.819654
16.78 3.01896 3.28632 0.967498 1.24294 0.254824 0.686977
16.8 3.03295 3.30693 0.981237 1.24804 0.254824 0.686977
16.82 3.04672 3.32782 0.994977 1.25313 0.254824 0.686977
16.84 3.06025 3.34897 1.00872 1.25823 0.254824 0.686977
16.86 3.07354 3.3704 1.02246 1.26333 0.254824 0.686977
16.88 3.08659 3.3921 1.0362 1.26842 0.254824 0.686977
16.9 3.09939 3.41406 1.04993 1.27352 0.254824 0.686977
16.92 3.11194 3.43628 1.06367 1.27862 0.254824 0.686977
16.94 3.12423 3.45876 1.07741 1.28371 0.254824 0.686977
16.96 3.13625 3.4815 1.09115 1.28881 0.254824 0.686977
16.98 3.14801 3.5045 1.10489 1.29391 0.254824 0.686977
17 3.1595 3.52774 1.11863 1.299 0.254824 0.686977
17.02 3.17071 3.55124 1.13237 1.3041 0.254824 0.686977
17.04 3.18164 3.57497 1.14611 1.3092 0.254824 0.686977
17.06 3.19229 3.59895 1.15985 1.31429 0.254824 0.686977
17.08 3.20264 3.62317 1.17359 1.31939 0.254824 0.686977
17.1 3.2127 3.64762 1.18733 1.32449 0.254824 0.686977
17.12 3.22246 3.6723 1.20107 1.32958 0.254824 0.686977
17.14 3.23192 3.6972 1.21481 1.33468 0.254824 0.686977
17.16 3.24107 3.72234 1.22855 1.33977 0.254824 0.686977
17.18 3.2499 3.74769 1.24229 1.34487 0.254824 0.686977
17.2 3.25864 3.77302 1.23508 1.33452 -0.517713 -0.360273
17.22 3.26749 3.79809 1.22788 1.32416 -0.517713 -0.360273
17.24 3.27645 3.8229 1.22067 1.31381 -0.517713 -0.360273
17.26 3.28551 3.84745 1.21347 1.30345 -0.517713 -0.360273
17.28 3.29468 3.87174 1.20626 1.2931 -0.517713 -0.360273
17.3 3.30395 3.89578 1.19906 1.28275 -0.517713 -0.360273
17.32 3.31332 3.91955 1.19185 1.27239 -0.517713 -0.360273
17.34 3.32278 3.94306 1.18464 1.26204 -0.517713 -0.360273
17.36 3.33233 3.96631 1.17744 1.25168 -0.517713 -0.360273
17.38 3.34197 3.9893 1.17023 1.24133 -0.517713 -0.360273
17.4 3.35184 4.01176 1.14326 1.21102 -1.51558 -1.34844
17.42 3.36204 4.03338 1.1163 1.18071 -1.51558 -1.34844
17.44 3.37256 4.05419 1.08933 1.15039 -1.51558 -1.34844
17.46 3.38334 4.07417 1.06236 1.12008 -1.51558 -1.34844
17.48 3.39436 4.09333 1.03539 1.08977 -1.51558 -1.34844
17.5 3.40557 4.11166 1.00842 1.05946 -1.51558 -1.34844
17.52 3.41694 4.12918 0.981452 1.02915 -1.51558 -1.34844
17.54 3.42844 4.14588 0.954483 0.998836 -1.51558 -1.34844
17.56 3.44002 4.16178 0.927514 0.968524 -1.51558 -1.34844
17.58 3.45166 4.17688 0.900545 0.938213 -1.51558 -1.34844
17.6 3.46332 4.1912 0.873577 0.907901 -1.51558 -1.34844
17.62 3.47497 4.20473 0.846608 0.877589 -1.51558 -1.34844
17.64 3.48657 4.21749 0.819639 0.847278 -1.51558 -1.34844
17.66 3.49809 4.2295 0.79267 0.816966 -1.51558 -1.34844
17.68 3.5095 4.24077 0.765701 0.786655 -1.51558 -1.34844
17.7 3.52076 4.25132 0.738732 0.756343 -1.51558 -1.34844
17.72 3.53185 4.26115 0.711764 0.726031 -1.51558 -1.34844
17.74 3.54274 4.27029 0.684795 0.69572 -1.51558 -1.34844
17.76 3.5534 4.27876 0.657826 0.665408 -1.51558 -1.34844
17.78 3.5638 4.28657 0.630857 0.635097 -1.51558 -1.34844
17.8 3.5739 4.29375 0.603888 0.604785 -1.51558 -1.34844
17.82 3.5837 4.30032 0.576919 0.574473 -1.51558 -1.34844
17.84 3.59316 4.30629 0.549951 0.544162 -1.51558 -1.34844
17.86 3.60225 4.3117 0.522982 0.51385 -1.51558 -1.34844
17.88 3.61096 4.31657 0.496013 0.483539 -1.51558 -1.34844
17.9 3.61925 4.32091 0.469044 0.453227 -1.51558 -1.34844
17.92 3.62712 4.32477 0.442075 0.422915 -1.51558 -1.34844
17.94 3.63454 4.32816 0.415106 0.392604 -1.51558 -1.34844
17.96 3.64148 4.33111 0.388138 0.362292 -1.51558 -1.34844
17.98 3.64794 4.33365 0.361169 0.33198 -1.51558 -1.34844
18 3.6539 4.33581 0.3342 0.301669 -1.51558 -1.34844
18.02 3.65934 4.33762 0.307231 0.271357 -1.51558 -1.34844
18.04 3.66424 4.33911 0.280262 0.241046 -1.51558 -1.34844
18.06 3.6686 4.3403 0.253293 0.210734 -1.51558 -1.34844
18.08 3.6724 4.34123 0.226325 0.180422 -1.51558 -1.34844
18.1 3.67563 4.34193 0.199356 0.150111 -1.51558 -1.34844
18.12 3.67828 4.34243 0.172387 0.119799 -1.51558 -1.34844
18.14 3.68035 4.34276 0.145418 0.0894875 -1.51558 -1.34844
18.16 3.68182 4.34296 0.118449 0.0591759 -1.51558 -1.34844
18.18 3.6827 4.34305 0.0914804 0.0288643 -1.51558 -1.34844
18.2 3.68297 4.34307 0.0645116 -0.00144729 -1.51558 -1.34844
18.22 3.68264 4.34306 0.0375428 -0.0317589 -1.51558 -1.34844
18.24 3.6817 4.34304 0.0105739 -0.0620705 -1.51558 -1.34844
18.26 3.68016 4.34304 -0.0163949 -0.0923821 -1.51558 -1.34844
18.28 3.67801 4.34311 -0.0433637 -0.122694 -1.51558 -1.34844
18.3 3.67525 4.34327 -0.0703326 -0.153005 -1.51558 -1.34844
18.32 3.67255 4.34347 -0.0806864 -0.118022 1.74918 -0.517693
18.34 3.67055 4.34364 -0.0910403 -0.0830381 1.74918 -0.517693
18.36 3.66924 4.34377 -0.101394 -0.0480545 1.74918 -0.517693
18.38 3.66864 4.34383 -0.111748 -0.0130709 1.74918 -0.517693
18.4 3.66872 4.34382 -0.122102 0.0219127 1.74918 -0.517693
18.42 3.6695 4.34372 -0.132456 0.0568963 1.74918 -0.517693
18.44 3.67098 4.34352 -0.14281 0.0918799 1.74918 -0.517693
18.46 3.67314 4.34319 -0.153163 0.126864 1.74918 -0.517693
18.48 3.67599 4.34274 -0.163517 0.161847 1.74918 -0.517693
18.5 3.67953 4.34213 -0.173871 0.196831 1.74918 -0.517693
18.52 3.68375 4.34137 -0.184225 0.231814 1.74918 -0.517693
18.54 3.68864 4.34043 -0.194579 0.266798 1.74918 -0.517693
18.56 3.69422 4.3393 -0.204933 0.301782 1.74918 -0.517693
18.58 3.70046 4.33797 -0.215287 0.336765 1.74918 -0.517693
18.6 3.70737 4.33642 -0.22564 0.371749 1.74918 -0.517693
18.62 3.70704 4.33659 -0.198922 0.335356 -0.0704841 0.818217
18.64 3.71361 4.33532 -0.182558 0.333946 -0.0704841 0.818217
18.66 3.72017 4.33416 -0.166194 0.332536 -0.0704841 0.818217
18.68 3.72673 4.33312 -0.149829 0.331126 -0.0704841 0.818217
18.7 3.73327 4.33219 -0.133465 0.329717 -0.0704841 0.818217
18.72 3.7398 4.33136 -0.117101 0.328307 -0.0704841 0.818217
18.74 3.74631 4.33065 -0.100736 0.326897 -0.0704841 0.818217
18.76 3.75281 4.33005 -0.0843719 0.325488 -0.0704841 0.818217
18.78 3.75928 4.32955 -0.0680076 0.324078 -0.0704841 0.818217
18.8 3.76574 4.32917 -0.0516433 0.322668 -0.0704841 0.818217
18.82 3.77217 4.32889 -0.0352789 0.321259 -0.0704841 0.818217
18.84 3.77858 4.32871 -0.0189146 0.319849 -0.0704841 0.818217
18.86 3.78496 4.32865 -0.00255029 0.318439 -0.0704841 0.818217
18.88 3.79132 4.32868 0.013814 0.31703 -0.0704841 0.818217
18.9 3.79764 4.32882 0.0301784 0.31562 -0.0704841 0.818217
18.92 3.80394 4.32906 0.0465427 0.31421 -0.0704841 0.818217
18.94 3.8102 4.3294 0.062907 0.312801 -0.0704841 0.818217
18.96 3.81642 4.32985 0.0792714 0.311391 -0.0704841 0.818217
18.98 3.82261 4.33039 0.0956357 0.309981 -0.0704841 0.818217
19 3.82877 4.33103 0.112 0.308572 -0.0704841 0.818217
19.02 3.83488 4.33177 0.128364 0.307162 -0.0704841 0.818217
19.04 3.84095 4.3326 0.144729 0.305752 -0.0704841 0.818217
19.06 3.84698 4.33353 0.161093 0.304343 -0.0704841 0.818217
19.08 3.85297 4.33456 0.177457 0.302933 -0.0704841 0.818217
19.1 3.85891 4.33567 0.193822 0.301523 -0.0704841 0.818217
19.12 3.8648 4.33688 0.210186 0.300114 -0.0704841 0.818217
19.14 3.87065 4.33818 0.22655 0.298704 -0.0704841 0.818217
19.16 3.87644 4.33956 0.242915 0.297294 -0.0704841 0.818217
19.18 3.88219 4.34104 0.259279 0.295884 -0.0704841 0.818217
19.2 3.88788 4.3426 0.275643 0.294475 -0.0704841 0.818217
19.22 3.89352 4.34424 0.292008 0.293065 -0.0704841 0.818217
19.24 3.89929 4.34591 0.272731 0.307132 0.703361 -0.963835
19.26 3.90535 4.34755 0.253454 0.3212 0.703361 -0.963835
19.28 3.91172 4.34913 0.234178 0.335267 0.703361 -0.963835
19.3 3.9184 4.35065 0.214901 0.349334 0.703361 -0.963835
19.32 3.92538 4.35211 0.195624 0.363401 0.703361 -0.963835
19.34 3.93266 4.35348 0.176348 0.377468 0.703361 -0.963835
19.36 3.94024 4.35475 0.157071 0.391536 0.703361 -0.963835
19.38 3.94813 4.35592 0.137794 0.405603 0.703361 -0.963835
19.4 3.95631 4.35698 0.118517 0.41967 0.703361 -0.963835
19.42 3.96479 4.3579 0.0992407 0.433737 0.703361 -0.963835
19.44 3.97357 4.35869 0.079964 0.447805 0.703361 -0.963835
19.46 3.98265 4.35933 0.0606873 0.461872 0.703361 -0.963835
19.48 3.99201 4.35981 0.0414106 0.475939 0.703361 -0.963835
19.5 4.00167 4.36012 0.0221339 0.490006 0.703361 -0.963835
19.52 4.01161 4.36024 0.00285725 0.504073 0.703361 -0.963835
19.54 4.02183 4.36017 -0.0164194 0.518141 0.703361 -0.963835
19.56 4.03233 4.3599 -0.0356961 0.532208 0.703361 -0.963835
19.58 4.04334 4.3596 -0.0187405 0.569112 1.84521 0.84778
19.6 4.05509 4.35948 -0.00178494 0.606016 1.84521 0.84778
19.62 4.06758 4.35956 0.0151707 0.64292 1.84521 0.84778
19.64 4.0808 4.35988 0.0321262 0.679824 1.84521 0.84778
19.66 4.09476 4.36044 0.0490818 0.716729 1.84521 0.84778
19.68 4.10943 4.36129 0.0660374 0.753633 1.84521 0.84778
19.7 4.12483 4.36244 0.082993 0.790537 1.84521 0.84778
19.72 4.14094 4.36392 0.0999486 0.827441 1.84521 0.84778
19.74 4.15776 4.36575 0.116904 0.864345 1.84521 0.84778
19.76 4.17486 4.36768 0.10756 0.856685 -0.382993 -0.467187
19.78 4.19183 4.36943 0.0982168 0.849025 -0.382993 -0.467187
19.8 4.20866 4.37101 0.088873 0.841365 -0.382993 -0.467187
19.82 4.22535 4.37242 0.0795293 0.833706 -0.382993 -0.467187
19.84 4.2419 4.37366 0.0701856 0.826046 -0.382993 -0.467187
19.86 4.25831 4.37474 0.0608418 0.818386 -0.382993 -0.467187
19.88 4.27458 4.37565 0.0514981 0.810726 -0.382993 -0.467187
19.9 4.2907 4.37641 0.0421544 0.803066 -0.382993 -0.467187
19.92 4.30667 4.37701 0.0328106 0.795406 -0.382993 -0.467187
19.94 4.3225 4.37745 0.0234669 0.787746 -0.382993 -0.467187
19.96 4.33817 4.37775 0.0141232 0.780087 -0.382993 -0.467187
19.98 4.3537 4.37789 0.00477945 0.772427 -0.382993 -0.467187
20 4.36907 4.3779 -0.00456429 0.764767 -0.382993 -0.467187
20.02 4.38429 4.37776 -0.013908 0.757107 -0.382993 -0.467187
20.04 4.39935 4.37748 -0.0232517 0.749447 -0.382993 -0.467187
20.06 4.41426 4.37706 -0.0325955 0.741787 -0.382993 -0.467187
20.08 4.42901 4.37651 -0.0419392 0.734127 -0.382993 -0.467187
20.1 4.4436 4.37583 -0.0512829 0.726467 -0.382993 -0.467187
20.12 4.45803 4.37502 -0.0606267 0.718808 -0.382993 -0.467187
20.14 4.47229 4.37409 -0.0699704 0.711148 -0.382993 -0.467187
20.16 4.4864 4.37303 -0.0793141 0.703488 -0.382993 -0.467187
20.18 4.50034 4.37186 -0.0886579 0.695828 -0.382993 -0.467187
20.2 4.51412 4.37057 -0.0980016 0.688168 -0.382993 -0.467187
20.22 4.52774 4.36917 -0.107345 0.680508 -0.382993 -0.467187
20.24 4.54119 4.36765 -0.116689 0.672848 -0.382993 -0.467187
20.26 4.55447 4.36603 -0.126033 0.665189 -0.382993 -0.467187
20.28 4.56758 4.36431 -0.135377 0.657529 -0.382993 -0.467187
20.3 4.58053 4.36249 -0.14472 0.649869 -0.382993 -0.467187
20.32 4.59331 4.36056 -0.154064 0.642209 -0.382993 -0.467187
20.34 4.60591 4.35854 -0.163408 0.634549 -0.382993 -0.467187
20.36 4.61835 4.35643 -0.172751 0.626889 -0.382993 -0.467187
20.38 4.63062 4.35424 -0.182095 0.619229 -0.382993 -0.467187
20.4 4.64271 4.35195 -0.191439 0.61157 -0.382993 -0.467187
20.42 4.65454 4.34954 -0.210242 0.596116 -0.77267 -0.940153
20.44 4.66603 4.34698 -0.229045 0.580663 -0.77267 -0.940153
20.46 4.67716 4.34427 -0.247848 0.565209 -0.77267 -0.940153
20.48 4.68795 4.34144 -0.266651 0.549756 -0.77267 -0.940153
20.5 4.69838 4.33848 -0.285454 0.534302 -0.77267 -0.940153
20.52 4.70845 4.33542 -0.304257 0.518849 -0.77267 -0.940153
20.54 4.71818 4.33227 -0.32306 0.503396 -0.77267 -0.940153
20.56 4.72755 4.32903 -0.341863 0.487942 -0.77267 -0.940153
20.58 4.73657 4.32573 -0.360666 0.472489 -0.77267 -0.940153
20.6 4.74523 4.32237 -0.379469 0.457035 -0.77267 -0.940153
20.62 4.75355 4.31896 -0.398273 0.441582 -0.77267 -0.940153
20.64 4.76151 4.31552 -0.417076 0.426129 -0.77267 -0.940153
20.66 4.76913 4.31206 -0.435879 0.410675 -0.77267 -0.940153
20.68 4.7764 4.30859 -0.454682 0.395222 -0.77267 -0.940153
20.7 4.78334 4.30512 -0.473485 0.379768 -0.77267 -0.940153
20.72 4.78993 4.30167 -0.492288 0.364315 -0.77267 -0.940153
20.74 4.79618 4.29824 -0.511091 0.348862 -0.77267 -0.940153
20.76 4.8021 4.29484 -0.529894 0.333408 -0.77267 -0.940153
20.78 4.80769 4.2915 -0.548697 0.317955 -0.77267 -0.940153
20.8 4.81295 4.28822 -0.5675 0.302501 -0.77267 -0.940153
20.82 4.81789 4.285 -0.586303 0.287048 -0.77267 -0.940153
20.84 4.82252 4.28187 -0.605106 0.271595 -0.77267 -0.940153
20.86 4.82683 4.27882 -0.623909 0.256141 -0.77267 -0.940153
20.88 4.83083 4.27588 -0.642712 0.240688 -0.77267 -0.940153
20.9 4.83454 4.27306 -0.661515 0.225234 -0.77267 -0.940153
20.92 4.83794 4.27035 -0.680318 0.209781 -0.77267 -0.940153
20.94 4.84106 4.26778 -0.699121 0.194328 -0.77267 -0.940153
20.96 4.8439 4.26535 -0.717924 0.178874 -0.77267 -0.940153
20.98 4.84645 4.26308 -0.736728 0.163421 -0.77267 -0.940153
21 4.84874 4.26096 -0.755531 0.147967 -0.77267 -0.940153
21.02 4.85076 4.25902 -0.774334 0.132514 -0.77267 -0.940153
21.04 4.85253 4.25726 -0.793137 0.117061 -0.77267 -0.940153
21.06 4.85405 4.25569 -0.81194 0.101607 -0.77267 -0.940153
21.08 4.85533 4.25432 -0.830743 0.0861538 -0.77267 -0.940153
21.1 4.85652 4.25303 -0.818139 0.0885249 0.118557 0.630205
21.12 4.85775 4.25173 -0.805535 0.0908961 0.118557 0.630205
21.14 4.85904 4.25041 -0.79293 0.0932672 0.118557 0.630205
21.16 4.86037 4.24907 -0.780326 0.0956383 0.118557 0.630205
21.18 4.86176 4.24772 -0.767722 0.0980095 0.118557 0.630205
21.2 4.86319 4.24635 -0.755118 0.100381 0.118557 0.630205
21.22 4.86468 4.24497 -0.742514 0.102752 0.118557 0.630205
21.24 4.86622 4.24357 -0.72991 0.105123 0.118557 0.630205
21.26 4.86781 4.24216 -0.717306 0.107494 0.118557 0.630205
21.28 4.86946 4.24075 -0.704702 0.109865 0.118557 0.630205
21.3 4.87116 4.23932 -0.692098 0.112236 0.118557 0.630205
21.32 4.87292 4.23788 -0.679494 0.114607 0.118557 0.630205
21.34 4.87473 4.23644 -0.666889 0.116979 0.118557 0.630205
21.36 4.87659 4.23499 -0.654285 0.11935 0.118557 0.630205
21.38 4.87852 4.23353 -0.641681 0.121721 0.118557 0.630205
21.4 4.88049 4.23207 -0.629077 0.124092 0.118557 0.630205
21.42 4.88253 4.23061 -0.616473 0.126463 0.118557 0.630205
21.44 4.88462 4.22915 -0.603869 0.128834 0.118557 0.630205
21.46 4.88677 4.22769 -0.591265 0.131205 0.118557 0.630205
21.48 4.88898 4.22622 -0.578661 0.133577 0.118557 0.630205
21.5 4.89124 4.22477 -0.566057 0.135948 0.118557 0.630205
21.52 4.89357 4.22331 -0.553453 0.138319 0.118557 0.630205
21.54 4.89595 4.22186 -0.540848 0.14069 0.118557 0.630205
21.56 4.89839 4.22041 -0.528244 0.143061 0.118557 0.630205
21.58 4.90089 4.21897 -0.51564 0.145432 0.118557 0.630205
21.6 4.90345 4.21754 -0.503036 0.147803 0.118557 0.630205
21.62 4.90607 4.21612 -0.490432 0.150175 0.118557 0.630205
21.64 4.90875 4.21471 -0.477828 0.152546 0.118557 0.630205
21.66 4.91149 4.21332 -0.465224 0.154917 0.118557 0.630205
21.68 4.91429 4.21194 -0.45262 0.157288 0.118557 0.630205
21.7 4.91715 4.21057 -0.440016 0.159659 0.118557 0.630205
21.72 4.92007 4.20922 -0.427411 0.16203 0.118557 0.630205
21.74 4.92305 4.20788 -0.414807 0.164401 0.118557 0.630205
21.76 4.92609 4.20657 -0.402203 0.166772 0.118557 0.630205
21.78 4.92919 4.20527 -0.389599 0.169144 0.118557 0.630205
21.8 4.93235 4.204 -0.376995 0.171515 0.118557 0.630205
21.82 4.93557 4.20275 -0.364391 0.173886 0.118557 0.630205
21.84 4.93884 4.20152 -0.351787 0.176257 0.118557 0.630205
21.86 4.94218 4.20032 -0.339183 0.178628 0.118557 0.630205
21.88 4.94558 4.19914 -0.326579 0.180999 0.118557 0.630205
21.9 4.94904 4.19799 -0.313975 0.18337 0.118557 0.630205
21.92 4.95256 4.19688 -0.30137 0.185742 0.118557 0.630205
21.94 4.95614 4.19579 -0.288766 0.188113 0.118557 0.630205
21.96 4.95977 4.19473 -0.276162 0.190484 0.118557 0.630205
21.98 4.96347 4.19371 -0.263558 0.192855 0.118557 0.630205
22 4.96722 4.19272 -0.250954 0.195226 0.118557 0.630205
22.02 4.97103 4.19177 -0.23835 0.197597 0.118557 0.630205
22.04 4.97511 4.19083 -0.218895 0.220816 1.16094 0.972739
22.06 4.97965 4.18986 -0.19944 0.244035 1.16094 0.972739
22.08 4.98467 4.1889 -0.179986 0.267254 1.16094 0.972739
22.1 4.99017 4.18795 -0.160531 0.290472 1.16094 0.972739
22.12 4.99614 4.18705 -0.141076 0.313691 1.16094 0.972739
22.14 5.00259 4.1862 -0.121621 0.33691 1.16094 0.972739
22.16 5.00952 4.18542 -0.102166 0.360129 1.16094 0.972739
22.18 5.01692 4.18473 -0.0827117 0.383347 1.16094 0.972739
22.2 5.0248 4.18416 -0.0632569 0.406566 1.16094 0.972739
22.22 5.03315 4.18371 -0.0438022 0.429785 1.16094 0.972739
22.24 5.04198 4.18341 -0.0243474 0.453004 1.16094 0.972739
22.26 5.05127 4.18328 -0.0048926 0.476222 1.16094 0.972739
22.28 5.06102 4.18332 0.0145622 0.499441 1.16094 0.972739
22.3 5.07124 4.18357 0.0340169 0.52266 1.16094 0.972739
22.32 5.08192 4.18404 0.0534717 0.545879 1.16094 0.972739
22.34 5.09304 4.18475 0.0729265 0.569097 1.16094 0.972739
22.36 5.10462 4.1857 0.0923813 0.592316 1.16094 0.972739
22.38 5.11663 4.18694 0.111836 0.615535 1.16094 0.972739
22.4 5.12908 4.18846 0.131291 0.638754 1.16094 0.972739
22.42 5.14196 4.19029 0.150746 0.661972 1.16094 0.972739
22.44 5.15526 4.19244 0.1702 0.685191 1.16094 0.972739
22.46 5.16897 4.19494 0.189655 0.70841 1.16094 0.972739
22.48 5.18308 4.19779 0.20911 0.731629 1.16094 0.972739
22.5 5.19759 4.20102 0.228565 0.754847 1.16094 0.972739
22.52 5.21249 4.20463 0.248019 0.778066 1.16094 0.972739
22.54 5.22776 4.20866 0.267474 0.801285 1.16094 0.972739
22.56 5.2434 4.21311 0.286929 0.824504 1.16094 0.972739
22.58 5.25939 4.218 0.306384 0.847722 1.16094 0.972739
22.6 5.27572 4.22334 0.325839 0.870941 1.16094 0.972739
22.62 5.29239 4.22916 0.345293 0.89416 1.16094 0.972739
22.64 5.30938 4.23545 0.364748 0.917379 1.16094 0.972739
22.66 5.32667 4.24225 0.384203 0.940598 1.16094 0.972739
22.68 5.34425 4.24956 0.403658 0.963816 1.16094 0.972739
22.7 5.36212 4.2574 0.423112 0.987035 1.16094 0.972739
22.72 5.38025 4.26578 0.442567 1.01025 1.16094 0.972739
22.74 5.39863 4.27471 0.462022 1.03347 1.16094 0.972739
22.76 5.41725 4.28421 0.481477 1.05669 1.16094 0.972739
22.78 5.43609 4.29429 0.500932 1.07991 1.16094 0.972739
22.8 5.45514 4.30439 0.473915 1.07712 -0.139729 -1.35083
22.82 5.47442 4.31395 0.446898 1.07432 -0.139729 -1.35083
22.84 5.49389 4.32296 0.419882 1.07153 -0.139729 -1.35083
22.86 5.51355 4.33142 0.392865 1.06873 -0.139729 -1.35083
22.88 5.53338 4.33932 0.365848 1.06594 -0.139729 -1.35083
22.9 5.55336 4.34667 0.338832 1.06314 -0.139729 -1.35083
22.92 5.57348 4.35346 0.311815 1.06035 -0.139729 -1.35083
22.94 5.59372 4.35968 0.284798 1.05755 -0.139729 -1.35083
22.96 5.61407 4.36534 0.257782 1.05476 -0.139729 -1.35083
22.98 5.63451 4.37044 0.230765 1.05196 -0.139729 -1.35083
23 5.65503 4.37497 0.203748 1.04917 -0.139729 -1.35083
23.02 5.67561 4.37893 0.176731 1.04638 -0.139729 -1.35083
23.04 5.69623 4.38233 0.149715 1.04358 -0.139729 -1.35083
23.06 5.71688 4.38516 0.122698 1.04079 -0.139729 -1.35083
23.08 5.73754 4.38742 0.0956815 1.03799 -0.139729 -1.35083
23.1 5.7582 4.38912 0.0686648 1.0352 -0.139729 -1.35083
23.12 5.77885 4.39026 0.0416481 1.0324 -0.139729 -1.35083
23.14 5.79946 4.39084 0.0146314 1.02961 -0.139729 -1.35083
23.16 5.82002 4.39087 -0.0123852 1.02681 -0.139729 -1.35083
23.18 5.84052 4.39034 -0.0394019 1.02402 -0.139729 -1.35083
23.2 5.86095 4.38925 -0.0664186 1.02122 -0.139729 -1.35083
23.22 5.88128 4.38763 -0.0934353 1.01843 -0.139729 -1.35083
23.24 5.9015 4.38546 -0.120452 1.01563 -0.139729 -1.35083
23.26 5.92132 4.38312 -0.113984 0.979909 -1.78629 0.323376
23.28 5.94044 4.38099 -0.107517 0.944183 -1.78629 0.323376
23.3 5.95887 4.37907 -0.101049 0.908457 -1.78629 0.323376
23.32 5.9766 4.37733 -0.0945819 0.872731 -1.78629 0.323376
23.34 5.99362 4.37577 -0.0881144 0.837005 -1.78629 0.323376
23.36 6.00995 4.37438 -0.0816469 0.801279 -1.78629 0.323376
23.38 6.02557 4.37315 -0.0751793 0.765553 -1.78629 0.323376
23.4 6.04048 4.37207 -0.0687118 0.729828 -1.78629 0.323376
23.42 6.05469 4.37114 -0.0622443 0.694102 -1.78629 0.323376
23.44 6.06819 4.37034 -0.0557768 0.658376 -1.78629 0.323376
23.46 6.08101 4.36965 -0.0515577 0.625817 -1.62795 0.210954
23.48 6.09319 4.36905 -0.0473386 0.593258 -1.62795 0.210954
23.5 6.10472 4.36853 -0.0431195 0.560699 -1.62795 0.210954
23.52 6.1156 4.36808 -0.0389005 0.52814 -1.62795 0.210954
23.54 6.12583 4.36771 -0.0346814 0.495581 -1.62795 0.210954
23.56 6.13541 4.36739 -0.0304623 0.463022 -1.62795 0.210954
23.58 6.14434 4.36714 -0.0262432 0.430463 -1.62795 0.210954
23.6 6.15262 4.36694 -0.0220241 0.397904 -1.62795 0.210954
23.62 6.16025 4.36679 -0.017805 0.365345 -1.62795 0.210954
23.64 6.16723 4.36668 -0.0135859 0.332786 -1.62795 0.210954
23.66 6.17363 4.36658 -0.0157147 0.307243 -1.27711 -0.106439
23.68 6.17952 4.36649 -0.0178435 0.281701 -1.27711 -0.106439
23.7 6.1849 4.36638 -0.0199722 0.256159 -1.27711 -0.106439
23.72 6.18976 4.36628 -0.022101 0.230616 -1.27711 -0.106439
23.74 6.19412 4.36618 -0.0242298 0.205074 -1.27711 -0.106439
23.76 6.19796 4.36608 -0.0263586 0.179532 -1.27711 -0.106439
23.78 6.2013 4.36599 -0.0284873 0.15399 -1.27711 -0.106439
23.8 6.20412 4.36591 -0.0306161 0.128447 -1.27711 -0.106439
23.82 6.20643 4.36584 -0.0327449 0.102905 -1.27711 -0.106439
23.84 6.20824 4.36577 -0.0348736 0.0773627 -1.27711 -0.106439
23.86 6.20953 4.36573 -0.0370024 0.0518204 -1.27711 -0.106439
23.88 6.21031 4.3657 -0.0391312 0.0262781 -1.27711 -0.106439
23.9 6.21058 4.36569 -0.04126 0.000735787 -1.27711 -0.106439
23.92 6.21085 4.36568 -0.0143245 0.0268922 1.30782 1.34677
23.94 6.21165 4.36568 0.0126109 0.0530486 1.30782 1.34677
23.96 6.21297 4.36572 0.0395463 0.079205 1.30782 1.34677
23.98 6.21482 4.36582 0.0664818 0.105361 1.30782 1.34677
24 6.21718 4.36601 0.0934172 0.131518 1.30782 1.34677
24.02 6.22005 4.36632 0.120353 0.157674 1.30782 1.34677
24.04 6.22344 4.36677 0.147288 0.183831 1.30782 1.34677
24.06 6.22733 4.36741 0.174223 0.209987 1.30782 1.34677
24.08 6.23171 4.36824 0.201159 0.236143 1.30782 1.34677
24.1 6.23658 4.3693 0.228094 0.2623 1.30782 1.34677
24.12 6.24192 4.37062 0.25503 0.288456 1.30782 1.34677
24.14 6.24748 4.37205 0.247776 0.285288 -0.158409 -0.36267
24.16 6.25299 4.37342 0.240523 0.28212 -0.158409 -0.36267
24.18 6.25844 4.37474 0.23327 0.278952 -0.158409 -0.36267
24.2 6.26384 4.376 0.226016 0.275783 -0.158409 -0.36267
24.22 6.26919 4.37721 0.218763 0.272615 -0.158409 -0.36267
24.24 6.27449 4.37837 0.211509 0.269447 -0.158409 -0.36267
24.26 6.27973 4.37947 0.204256 0.266279 -0.158409 -0.36267
24.28 6.28492 4.38053 0.197003 0.263111 -0.158409 -0.36267
24.3 6.29005 4.38153 0.189749 0.259942 -0.158409 -0.36267
24.32 6.29513 4.38249 0.182496 0.256774 -0.158409 -0.36267
24.34 6.30015 4.3834 0.175242 0.253606 -0.158409 -0.36267
24.36 6.30512 4.38426 0.167989 0.250438 -0.158409 -0.36267
24.38 6.31003 4.38507 0.160736 0.24727 -0.158409 -0.36267
24.4 6.31488 4.38584 0.153482 0.244102 -0.158409 -0.36267
24.42 6.31968 4.38656 0.146229 0.240933 -0.158409 -0.36267
24.44 6.32441 4.38724 0.138975 0.237765 -0.158409 -0.36267
24.46 6.32909 4.38788 0.131722 0.234597 -0.158409 -0.36267
24.48 6.33372 4.38848 0.124469 0.231429 -0.158409 -0.36267
24.5 6.33828 4.38903 0.117215 0.228261 -0.158409 -0.36267
24.52 6.34278 4.38954 0.109962 0.225092 -0.158409 -0.36267
24.54 6.34723 4.39002 0.102708 0.221924 -0.158409 -0.36267
24.56 6.35161 4.39046 0.0954549 0.218756 -0.158409 -0.36267
24.58 6.35574 4.39087 0.105285 0.195737 -1.15096 0.491493
24.6 6.3594 4.39128 0.115115 0.172718 -1.15096 0.491493
24.62 6.3626 4.39166 0.124944 0.149699 -1.15096 0.491493
24.64 6.36534 4.39202 0.134774 0.126679 -1.15096 0.491493
24.66 6.36762 4.39234 0.144604 0.10366 -1.15096 0.491493
24.68 6.36945 4.39261 0.154434 0.080641 -1.15096 0.491493
24.7 6.37081 4.39283 0.164264 0.0576218 -1.15096 0.491493
24.72 6.37172 4.39299 0.174094 0.0346026 -1.15096 0.491493
24.74 6.37217 4.39307 0.183924 0.0115835 -1.15096 0.491493
24.76 6.37218 4.39307 0.193753 -0.0114357 -1.15096 0.491493
24.78 6.37229 4.39309 0.183124 0.0228757 1.71557 -0.531448
24.8 6.37308 4.39323 0.172496 0.0571872 1.71557 -0.531448
24.82 6.37454 4.39348 0.161867 0.0914986 1.71557 -0.531448
24.84 6.37669 4.39382 0.151238 0.12581 1.71557 -0.531448
24.86 6.37952 4.39423 0.140609 0.160122 1.71557 -0.531448
24.88 6.38303 4.39471 0.12998 0.194433 1.71557 -0.531448
24.9 6.38723 4.39523 0.119351 0.228744 1.71557 -0.531448
24.92 6.39212 4.39579 0.108722 0.263056 1.71557 -0.531448
24.94 6.39769 4.39637 0.0980928 0.297367 1.71557 -0.531448
24.96 6.40395 4.39695 0.0874639 0.331679 1.71557 -0.531448
24.98 6.41091 4.39752 0.0768349 0.36599 1.71557 -0.531448
25 6.41855 4.39807 0.066206 0.400302 1.71557 -0.531448
25.02 6.42689 4.39858 0.055577 0.434613 1.71557 -0.531448
25.04 6.43591 4.39903 0.044948 0.468925 1.71557 -0.531448
25.06 6.44562 4.39942 0.0343191 0.503236 1.71557 -0.531448
25.08 6.45603 4.39972 0.0236901 0.537548 1.71557 -0.531448
25.1 6.46712 4.39992 0.0130612 0.571859 1.71557 -0.531448
25.12 6.4789 4.40001 0.00243222 0.606171 1.71557 -0.531448
25.14 6.49136 4.39998 -0.00819673 0.640482 1.71557 -0.531448
25.16 6.50452 4.3998 -0.0188257 0.674793 1.71557 -0.531448
25.18 6.51835 4.39946 -0.0294546 0.709105 1.71557 -0.531448
25.2 6.53287 4.39896 -0.0400836 0.743416 1.71557 -0.531448
25.22 6.54806 4.39827 -0.0507126 0.777728 1.71557 -0.531448
25.24 6.56394 4.39738 -0.0613415 0.812039 1.71557 -0.531448
25.26 6.58048 4.39627 -0.0719705 0.846351 1.71557 -0.531448
25.28 6.5977 4.39494 -0.0825994 0.880662 1.71557 -0.531448
25.3 6.61559 4.39336 -0.0932284 0.914974 1.71557 -0.531448
25.32 6.63414 4.39152 -0.103857 0.949285 1.71557 -0.531448
25.34 6.65335 4.38942 -0.114486 0.983597 1.71557 -0.531448
25.36 6.67323 4.38703 -0.125115 1.01791 1.71557 -0.531448
25.38 6.69375 4.38433 -0.135744 1.05222 1.71557 -0.531448
25.4 6.71493 4.38132 -0.146373 1.08653 1.71557 -0.531448
25.42 6.73675 4.37799 -0.157002 1.12084 1.71557 -0.531448
25.44 6.75921 4.37431 -0.167631 1.15515 1.71557 -0.531448
25.46 6.7823 4.37027 -0.17826 1.18947 1.71557 -0.531448
25.48 6.80603 4.36587 -0.188889 1.22378 1.71557 -0.531448
25.5 6.82973 4.36133 -0.189472 1.18891 -1.74359 -0.0291519
25.52 6.85273 4.35691 -0.190055 1.15403 -1.74359 -0.0291519
25.54 6.87506 4.35261 -0.190638 1.11916 -1.74359 -0.0291519
25.56 6.89669 4.34843 -0.191221 1.08429 -1.74359 -0.0291519
25.58 6.91764 4.34437 -0.191804 1.04942 -1.74359 -0.0291519
25.6 6.9379 4.34043 -0.192387 1.01455 -1.74359 -0.0291519
25.62 6.95747 4.33661 -0.19297 0.979674 -1.74359 -0.0291519
25.64 6.97636 4.33291 -0.193553 0.944802 -1.74359 -0.0291519
25.66 6.99456 4.32934 -0.194136 0.909931 -1.74359 -0.0291519
25.68 7.01207 4.32589 -0.194719 0.875059 -1.74359 -0.0291519
25.7 7.0289 4.32257 -0.195302 0.840187 -1.74359 -0.0291519
25.72 7.04504 4.31937 -0.195885 0.805315 -1.74359 -0.0291519
25.74 7.06049 4.3163 -0.196469 0.770444 -1.74359 -0.0291519
25.76 7.07526 4.31335 -0.197052 0.735572 -1.74359 -0.0291519
25.78 7.08935 4.31054 -0.197635 0.7007 -1.74359 -0.0291519
25.8 7.10275 4.30785 -0.198218 0.665828 -1.74359 -0.0291519
25.82 7.11546 4.30529 -0.198801 0.630956 -1.74359 -0.0291519
25.84 7.12749 4.30287 -0.199384 0.596085 -1.74359 -0.0291519
25.86 7.13883 4.30057 -0.199967 0.561213 -1.74359 -0.0291519
25.88 7.14949 4.29841 -0.20055 0.526341 -1.74359 -0.0291519
25.9 7.15946 4.29638 -0.201133 0.491469 -1.74359 -0.0291519
25.92 7.16875 4.29448 -0.201716 0.456597 -1.74359 -0.0291519
25.94 7.17736 4.29272 -0.202299 0.421726 -1.74359 -0.0291519
25.96 7.18528 4.29109 -0.202882 0.386854 -1.74359 -0.0291519
25.98 7.19251 4.2896 -0.203465 0.351982 -1.74359 -0.0291519
26 7.19906 4.28825 -0.204048 0.31711 -1.74359 -0.0291519
26.02 7.20523 4.287 -0.196364 0.311924 -0.259302 0.384179
26.04 7.2113 4.28581 -0.188681 0.306738 -0.259302 0.384179
26.06 7.21728 4.28469 -0.180997 0.301552 -0.259302 0.384179
26.08 7.22317 4.28364 -0.173314 0.296366 -0.259302 0.384179
26.1 7.22896 4.28265 -0.16563 0.29118 -0.259302 0.384179
26.12 7.23465 4.28172 -0.157947 0.285994 -0.259302 0.384179
26.14 7.24026 4.28085 -0.150263 0.280808 -0.259302 0.384179
26.16 7.24576 4.28004 -0.142579 0.275622 -0.259302 0.384179
26.18 7.25117 4.27928 -0.134896 0.270436 -0.259302 0.384179
26.2 7.25648 4.27858 -0.127212 0.26525 -0.259302 0.384179
26.22 7.26169 4.27794 -0.119529 0.260064 -0.259302 0.384179
26.24 7.26681 4.27734 -0.111845 0.254878 -0.259302 0.384179
26.26 7.27182 4.2768 -0.104161 0.249692 -0.259302 0.384179
26.28 7.27674 4.2763 -0.0964779 0.244506 -0.259302 0.384179
26.3 7.28156 4.27586 -0.0887943 0.23932 -0.259302 0.384179
26.32 7.28628 4.27545 -0.0811107 0.234134 -0.259302 0.384179
26.34 7.29089 4.2751 -0.0734271 0.228948 -0.259302 0.384179
26.36 7.29541 4.27478 -0.0657435 0.223762 -0.259302 0.384179
26.38 7.29982 4.27451 -0.0580599 0.218575 -0.259302 0.384179
26.4 7.30414 4.27427 -0.0503764 0.213389 -0.259302 0.384179
26.42 7.30835 4.27408 -0.0426928 0.208203 -0.259302 0.384179
26.44 7.31246 4.27392 -0.0350092 0.203017 -0.259302 0.384179
26.46 7.31646 4.27379 -0.0273256 0.197831 -0.259302 0.384179
26.48 7.32037 4.2737 -0.019642 0.192645 -0.259302 0.384179
26.5 7.32417 4.27364 -0.0119584 0.187459 -0.259302 0.384179
26.52 7.32786 4.27361 -0.00427486 0.182273 -0.259302 0.384179
26.54 7.33146 4.27361 0.00340872 0.177087 -0.259302 0.384179
26.56 7.33495 4.27363 0.0110923 0.171901 -0.259302 0.384179
26.58 7.33833 4.27368 0.0187759 0.166715 -0.259302 0.384179
26.6 7.33818 4.2737 0.0319272 0.151545 -1.01781 1.04175
26.62 7.34101 4.27382 0.0527621 0.131189 -1.01781 1.04175
26.64 7.34342 4.27397 0.0735971 0.110832 -1.01781 1.04175
26.66 7.34543 4.27414 0.094432 0.0904762 -1.01781 1.04175
26.68 7.34703 4.27431 0.115267 0.07012 -1.01781 1.04175
26.7 7.34821 4.27446 0.136102 0.0497638 -1.01781 1.04175
26.72 7.349 4.27457 0.156937 0.0294075 -1.01781 1.04175
26.74 7.34938 4.27464 0.177772 0.00905129 -1.01781 1.04175
26.76 7.34936 4.27463 0.198607 -0.0113049 -1.01781 1.04175
26.78 7.34894 4.27454 0.219441 -0.0316612 -1.01781 1.04175
26.8 7.34812 4.27435 0.240276 -0.0520174 -1.01781 1.04175
26.82 7.34692 4.27404 0.261111 -0.0723736 -1.01781 1.04175
26.84 7.34533 4.2736 0.281946 -0.0927299 -1.01781 1.04175
26.86 7.34335 4.273 0.302781 -0.113086 -1.01781 1.04175
26.88 7.34101 4.27224 0.323616 -0.133442 -1.01781 1.04175
26.9 7.3383 4.2713 0.344451 -0.153799 -1.01781 1.04175
26.92 7.33522 4.27016 0.365286 -0.174155 -1.01781 1.04175
26.94 7.33194 4.26887 0.385684 -0.178782 -0.231356 1.01988
26.96 7.3286 4.26747 0.406081 -0.183409 -0.231356 1.01988
26.98 7.3252 4.26597 0.426479 -0.188036 -0.231356 1.01988
27 7.32175 4.26436 0.446877 -0.192663 -0.231356 1.01988
27.02 7.31825 4.26264 0.467274 -0.19729 -0.231356 1.01988
27.04 7.31471 4.2608 0.487672 -0.201918 -0.231356 1.01988
27.06 7.31121 4.25899 0.470134 -0.192377 0.477039 -0.876915
27.08 7.30785 4.25732 0.452595 -0.182836 0.477039 -0.876915
27.1 7.30463 4.25579 0.435057 -0.173295 0.477039 -0.876915
27.12 7.30156 4.25439 0.417519 -0.163754 0.477039 -0.876915
27.14 7.29864 4.25313 0.399981 -0.154214 0.477039 -0.876915
27.16 7.29588 4.25199 0.382442 -0.144673 0.477039 -0.876915
27.18 7.29328 4.25097 0.364904 -0.135132 0.477039 -0.876915
27.2 7.29083 4.25006 0.347366 -0.125591 0.477039 -0.876915
27.22 7.28855 4.24925 0.329827 -0.11605 0.477039 -0.876915
27.24 7.28644 4.24855 0.312289 -0.10651 0.477039 -0.876915
27.26 7.2845 4.24794 0.294751 -0.0969689 0.477039 -0.876915
27.28 7.28273 4.24742 0.277213 -0.0874281 0.477039 -0.876915
27.3 7.28114 4.24698 0.259674 -0.0778873 0.477039 -0.876915
27.32 7.27972 4.24662 0.242136 -0.0683465 0.477039 -0.876915
27.34 7.27848 4.24633 0.224598 -0.0588058 0.477039 -0.876915
27.36 7.27743 4.24609 0.207059 -0.049265 0.477039 -0.876915
27.38 7.27656 4.24592 0.189521 -0.0397242 0.477039 -0.876915
27.4 7.27587 4.24579 0.171983 -0.0301834 0.477039 -0.876915
27.42 7.27537 4.24571 0.154445 -0.0206426 0.477039 -0.876915
27.44 7.27505 4.24566 0.136906 -0.0111018 0.477039 -0.876915
27.46 7.27493 4.24565 0.119368 -0.00156105 0.477039 -0.876915
27.48 7.27499 4.24565 0.10183 0.00797974 0.477039 -0.876915
27.5 7.27525 4.24568 0.0842914 0.0175205 0.477039 -0.876915
27.52 7.27558 4.24571 0.0830302 0.0157167 -0.0901932 -0.0630587
27.54 7.27587 4.24573 0.081769 0.0139128 -0.0901932 -0.0630587
27.56 7.27613 4.24575 0.0805078 0.0121089 -0.0901932 -0.0630587
27.58 7.27635 4.24577 0.0792467 0.0103051 -0.0901932 -0.0630587
27.6 7.27654 4.24578 0.0779855 0.0085012 -0.0901932 -0.0630587
27.62 7.27669 4.2458 0.0767243 0.00669734 -0.0901932 -0.0630587
27.64 7.27681 4.2458 0.0754631 0.00489348 -0.0901932 -0.0630587
27.66 7.27689 4.24581 0.074202 0.00308961 -0.0901932 -0.0630587
27.68 7.27693 4.24581 0.0729408 0.00128575 -0.0901932 -0.0630587
27.7 7.27694 4.24581 0.0716796 -0.000518115 -0.0901932 -0.0630587
27.72 7.27691 4.24581 0.0704184 -0.00232198 -0.0901932 -0.0630587
27.74 7.27685 4.24581 0.0691573 -0.00412584 -0.0901932 -0.0630587
27.76 7.27675 4.2458 0.0678961 -0.0059297 -0.0901932 -0.0630587
27.78 7.27661 4.24579 0.0666349 -0.00773357 -0.0901932 -0.0630587
27.8 7.27644 4.24578 0.0653737 -0.00953743 -0.0901932 -0.0630587
27.82 7.27623 4.24577 0.0641126 -0.0113413 -0.0901932 -0.0630587
27.84 7.27599 4.24575 0.0628514 -0.0131452 -0.0901932 -0.0630587
27.86 7.27571 4.24573 0.0615902 -0.014949 -0.0901932 -0.0630587
27.88 7.27539 4.24571 0.0603291 -0.0167529 -0.0901932 -0.0630587
27.9 7.27504 4.24569 0.0590679 -0.0185567 -0.0901932 -0.0630587
27.92 7.27465 4.24567 0.0578067 -0.0203606 -0.0901932 -0.0630587
27.94 7.27422 4.24565 0.0565455 -0.0221645 -0.0901932 -0.0630587
27.96 7.27376 4.24562 0.0552844 -0.0239683 -0.0901932 -0.0630587
27.98 7.27327 4.24559 0.0540232 -0.0257722 -0.0901932 -0.0630587
28 7.27273 4.24556 0.052762 -0.0275761 -0.0901932 -0.0630587
28.02 7.27216 4.24553 0.0515008 -0.0293799 -0.0901932 -0.0630587
28.04 7.27156 4.2455 0.0502397 -0.0311838 -0.0901932 -0.0630587
28.06 7.27092 4.24547 0.0489785 -0.0329877 -0.0901932 -0.0630587
28.08 7.27024 4.24544 0.0477173 -0.0347915 -0.0901932 -0.0630587
28.1 7.26953 4.24541 0.0464561 -0.0365954 -0.0901932 -0.0630587
28.12 7.26878 4.24537 0.045195 -0.0383992 -0.0901932 -0.0630587
28.14 7.26799 4.24534 0.0439338 -0.0402031 -0.0901932 -0.0630587
28.16 7.26717 4.2453 0.0426726 -0.042007 -0.0901932 -0.0630587
28.18 7.26632 4.24526 0.0414114 -0.0438108 -0.0901932 -0.0630587
28.2 7.26542 4.24523 0.0401503 -0.0456147 -0.0901932 -0.0630587
28.22 7.26449 4.24519 0.0388891 -0.0474186 -0.0901932 -0.0630587
28.24 7.26353 4.24515 0.0376279 -0.0492224 -0.0901932 -0.0630587
28.26 7.26252 4.24512 0.0363667 -0.0510263 -0.0901932 -0.0630587
28.28 7.26149 4.24508 0.0351056 -0.0528302 -0.0901932 -0.0630587
28.3 7.26041 4.24504 0.0338444 -0.054634 -0.0901932 -0.0630587
28.32 7.2593 4.24501 0.0325832 -0.0564379 -0.0901932 -0.0630587
28.34 7.25816 4.24497 0.031322 -0.0582417 -0.0901932 -0.0630587
28.36 7.25697 4.24493 0.0300609 -0.0600456 -0.0901932 -0.0630587
28.38 7.25576 4.2449 0.0287997 -0.0618495 -0.0901932 -0.0630587
28.4 7.2545 4.24486 0.0275385 -0.0636533 -0.0901932 -0.0630587
28.42 7.25321 4.24483 0.0262774 -0.0654572 -0.0901932 -0.0630587
28.44 7.25188 4.24479 0.0250162 -0.0672611 -0.0901932 -0.0630587
28.46 7.25052 4.24476 0.023755 -0.0690649 -0.0901932 -0.0630587
28.48 7.24912 4.24473 0.0224938 -0.0708688 -0.0901932 -0.0630587
28.5 7.24769 4.2447 0.0212327 -0.0726727 -0.0901932 -0.0630587
28.52 7.24623 4.24466 0.0227408 -0.0725649 0.0053869 0.0754053
28.54 7.24479 4.24463 0.0242489 -0.0724572 0.0053869 0.0754053
28.56 7.24334 4.24459 0.025757 -0.0723494 0.0053869 0.0754053
28.58 7.24189 4.24456 0.0272651 -0.0722417 0.0053869 0.0754053
28.6 7.24045 4.24452 0.0287732 -0.072134 0.0053869 0.0754053
28.62 7.23901 4.24447 0.0302813 -0.0720262 0.0053869 0.0754053
28.64 7.23757 4.24443 0.0317894 -0.0719185 0.0053869 0.0754053
28.66 7.23613 4.24438 0.0332975 -0.0718107 0.0053869 0.0754053
28.68 7.2347 4.24433 0.0348056 -0.071703 0.0053869 0.0754053
28.7 7.23327 4.24428 0.0363137 -0.0715953 0.0053869 0.0754053
28.72 7.23184 4.24423 0.0378218 -0.0714875 0.0053869 0.0754053
28.74 7.23041 4.24417 0.0393299 -0.0713798 0.0053869 0.0754053
28.76 7.22898 4.24412 0.040838 -0.0712721 0.0053869 0.0754053
28.78 7.22756 4.24406 0.0423461 -0.0711643 0.0053869 0.0754053
28.8 7.22614 4.244 0.0438542 -0.0710566 0.0053869 0.0754053
28.82 7.22472 4.24393 0.0453623 -0.0709488 0.0053869 0.0754053
28.84 7.2233 4.24387 0.0468704 -0.0708411 0.0053869 0.0754053
28.86 7.22189 4.2438 0.0483785 -0.0707334 0.0053869 0.0754053
28.88 7.22048 4.24373 0.0498866 -0.0706256 0.0053869 0.0754053
28.9 7.21907 4.24366 0.0513948 -0.0705179 0.0053869 0.0754053
28.92 7.21766 4.24359 0.0529029 -0.0704102 0.0053869 0.0754053
28.94 7.21626 4.24351 0.054411 -0.0703024 0.0053869 0.0754053
28.96 7.21485 4.24343 0.0559191 -0.0701947 0.0053869 0.0754053
28.98 7.21345 4.24335 0.0574272 -0.0700869 0.0053869 0.0754053
29 7.21205 4.24327 0.0589353 -0.0699792 0.0053869 0.0754053
29.02 7.21066 4.24319 0.0604434 -0.0698715 0.0053869 0.0754053
29.04 7.20926 4.2431 0.0619515 -0.0697637 0.0053869 0.0754053
29.06 7.20787 4.24302 0.0634596 -0.069656 0.0053869 0.0754053
29.08 7.20648 4.24293 0.0649677 -0.0695482 0.0053869 0.0754053
29.1 7.2051 4.24283 0.0664758 -0.0694405 0.0053869 0.0754053
29.12 7.20371 4.24274 0.0679839 -0.0693328 0.0053869 0.0754053
29.14 7.20233 4.24265 0.069492 -0.069225 0.0053869 0.0754053
29.16 7.20095 4.24255 0.0710001 -0.0691173 0.0053869 0.0754053
29.18 7.19957 4.24245 0.0725082 -0.0690096 0.0053869 0.0754053
29.2 7.1982 4.24235 0.0740163 -0.0689018 0.0053869 0.0754053
29.22 7.19682 4.24225 0.0755244 -0.0687941 0.0053869 0.0754053
29.24 7.19545 4.24214 0.0770325 -0.0686863 0.0053869 0.0754053
29.26 7.19408 4.24204 0.0785406 -0.0685786 0.0053869 0.0754053
29.28 7.19272 4.24193 0.0800487 -0.0684709 0.0053869 0.0754053
29.3 7.19135 4.24182 0.0815569 -0.0683631 0.0053869 0.0754053
29.32 7.18999 4.2417 0.083065 -0.0682554 0.0053869 0.0754053
29.34 7.18863 4.24159 0.0845731 -0.0681477 0.0053869 0.0754053
29.36 7.18728 4.24147 0.0860812 -0.0680399 0.0053869 0.0754053
29.38 7.18592 4.24136 0.0875893 -0.0679322 0.0053869 0.0754053
29.4 7.18457 4.24124 0.0890974 -0.0678244 0.0053869 0.0754053
29.42 7.18322 4.24111 0.0906055 -0.0677167 0.0053869 0.0754053
29.44 7.18187 4.24099 0.0921136 -0.067609 0.0053869 0.0754053
29.46 7.18053 4.24087 0.0936217 -0.0675012 0.0053869 0.0754053
29.48 7.17918 4.24074 0.0951298 -0.0673935 0.0053869 0.0754053
29.5 7.17784 4.24061 0.0966379 -0.0672857 0.0053869 0.0754053
29.52 7.17657 4.24049 0.0837414 -0.0603648 0.346046 -0.644823
29.54 7.17544 4.24041 0.070845 -0.0534439 0.346046 -0.644823
29.56 7.17444 4.24034 0.0579485 -0.046523 0.346046 -0.644823
29.58 7.17358 4.2403 0.0450521 -0.0396021 0.346046 -0.644823
29.6 7.17286 4.24027 0.0321556 -0.0326812 0.346046 -0.644823
29.62 7.17227 4.24025 0.0192591 -0.0257603 0.346046 -0.644823
29.64 7.17183 4.24025 0.00636267 -0.0188394 0.346046 -0.644823
29.66 7.17152 4.24025 -0.0065338 -0.0119184 0.346046 -0.644823
29.68 7.17135 4.24025 -0.0194303 -0.00499753 0.346046 -0.644823
29.7 7.17132 4.24025 -0.0323267 0.00192338 0.346046 -0.644823
29.72 7.17143 4.24025 -0.0452232 0.0088443 0.346046 -0.644823
29.74 7.17167 4.24023 -0.0581196 0.0157652 0.346046 -0.644823
29.76 7.17206 4.24021 -0.0710161 0.0226861 0.346046 -0.644823
29.76 7.17206 4.24021 -0.0710161 0.0226861 0 0
