0 -6 -4 0 0 0 0
0.02 -5.99977 -4 0.0279487 0.0227025 1.13512 1.39744
0.04 -5.99909 -3.99997 0.0558975 0.0454049 1.13512 1.39744
0.06 -5.99796 -3.99989 0.0838462 0.0681074 1.13512 1.39744
0.08 -5.99638 -3.99973 0.111795 0.0908098 1.13512 1.39744
0.1 -5.99435 -3.99947 0.139744 0.113512 1.13512 1.39744
0.12 -5.99188 -3.99909 0.167692 0.136215 1.13512 1.39744
0.14 -5.98898 -3.99855 0.195641 0.158917 1.13512 1.39744
0.16 -5.98565 -3.99785 0.22359 0.18162 1.13512 1.39744
0.18 -5.9819 -3.99694 0.251539 0.204322 1.13512 1.39744
0.2 -5.97774 -3.9958 0.279487 0.227025 1.13512 1.39744
0.22 -5.97318 -3.99442 0.307436 0.249727 1.13512 1.39744
0.24 -5.96822 -3.99277 0.335385 0.272429 1.13512 1.39744
0.26 -5.96289 -3.99083 0.363334 0.295132 1.13512 1.39744
0.28 -5.95719 -3.98857 0.391282 0.317834 1.13512 1.39744
0.3 -5.95114 -3.98597 0.419231 0.340537 1.13512 1.39744
0.32 -5.94476 -3.98302 0.44718 0.363239 1.13512 1.39744
0.34 -5.93805 -3.97968 0.475129 0.385942 1.13512 1.39744
0.36 -5.93103 -3.97595 0.503077 0.408644 1.13512 1.39744
0.38 -5.92373 -3.9718 0.531026 0.431347 1.13512 1.39744
0.4 -5.91616 -3.96721 0.558975 0.454049 1.13512 1.39744
0.42 -5.90834 -3.96216 0.586923 0.476752 1.13512 1.39744
0.44 -5.90029 -3.95664 0.614872 0.499454 1.13512 1.39744
0.46 -5.89203 -3.95063 0.642821 0.522157 1.13512 1.39744
0.48 -5.88358 -3.94411 0.67077 0.544859 1.13512 1.39744
0.5 -5.87496 -3.93708 0.698718 0.567561 1.13512 1.39744
0.52 -5.8662 -3.92951 0.726667 0.590264 1.13512 1.39744
0.54 -5.85733 -3.92139 0.754616 0.612966 1.13512 1.39744
0.56 -5.84835 -3.91271 0.782565 0.635669 1.13512 1.39744
0.58 -5.8393 -3.90345 0.810513 0.658371 1.13512 1.39744
0.6 -5.83021 -3.89362 0.838462 0.681074 1.13512 1.39744
0.62 -5.8211 -3.88319 0.866411 0.703776 1.13512 1.39744
0.64 -5.81199 -3.87217 0.89436 0.726479 1.13512 1.39744
0.66 -5.80291 -3.86053 0.922308 0.749181 1.13512 1.39744
0.68 -5.7939 -3.84828 0.950257 0.771884 1.13512 1.39744
0.7 -5.78497 -3.83541 0.978206 0.794586 1.13512 1.39744
0.72 -5.77616 -3.82191 1.00615 0.817288 1.13512 1.39744
0.74 -5.76749 -3.80779 1.0341 0.839991 1.13512 1.39744
0.76 -5.75899 -3.79304 1.06205 0.862693 1.13512 1.39744
0.78 -5.75069 -3.77765 1.09 0.885396 1.13512 1.39744
0.8 -5.7421 -3.76176 1.0615 0.921018 1.78111 -1.42505
0.82 -5.73272 -3.7455 1.033 0.95664 1.78111 -1.42505
0.84 -5.72249 -3.72891 1.0045 0.992262 1.78111 -1.42505
0.86 -5.71141 -3.71202 0.975997 1.02788 1.78111 -1.42505
0.88 -5.69945 -3.69486 0.947496 1.06351 1.78111 -1.42505
0.9 -5.68657 -3.67749 0.918995 1.09913 1.78111 -1.42505
0.92 -5.67277 -3.65993 0.890494 1.13475 1.78111 -1.42505
0.94 -5.65802 -3.64222 0.861993 1.17037 1.78111 -1.42505
0.96 -5.64278 -3.62395 0.889213 1.20799 1.8809 1.36099
0.98 -5.62759 -3.60469 0.916433 1.24561 1.8809 1.36099
1 -5.61247 -3.58442 0.943653 1.28323 1.8809 1.36099
1.02 -5.59748 -3.56312 0.970873 1.32084 1.8809 1.36099
1.04 -5.58266 -3.54081 0.998093 1.35846 1.8809 1.36099
1.06 -5.56805 -3.51745 1.02531 1.39608 1.8809 1.36099
1.08 -5.5537 -3.49306 1.05253 1.4337 1.8809 1.36099
1.1 -5.53966 -3.46764 1.07975 1.47132 1.8809 1.36099
1.12 -5.52596 -3.44117 1.10697 1.50893 1.8809 1.36099
1.14 -5.51267 -3.41366 1.13419 1.54655 1.8809 1.36099
1.16 -5.49982 -3.38511 1.16141 1.58417 1.8809 1.36099
1.18 -5.48746 -3.35553 1.18863 1.62179 1.8809 1.36099
1.2 -5.47564 -3.32492 1.21585 1.65941 1.8809 1.36099
1.22 -5.46441 -3.29329 1.24307 1.69702 1.8809 1.36099
1.24 -5.45381 -3.26065 1.27029 1.73464 1.8809 1.36099
1.26 -5.45381 -3.26065 1.27029 1.73464 1.8809 1.36099
1.28 -5.44389 -3.22702 1.29751 1.77226 1.8809 1.36099
1.3 -5.43469 -3.1924 1.32473 1.80988 1.8809 1.36099
1.32 -5.42627 -3.15681 1.35195 1.8475 1.8809 1.36099
1.34 -5.41866 -3.12027 1.37917 1.88511 1.8809 1.36099
1.36 -5.41166 -3.08336 1.38738 1.87175 -0.668392 0.410402
1.38 -5.40501 -3.04666 1.39559 1.85838 -0.668392 0.410402
1.4 -5.3987 -3.01016 1.40379 1.84501 -0.668392 0.410402
1.42 -5.39274 -2.97388 1.412 1.83164 -0.668392 0.410402
1.44 -5.38711 -2.93782 1.42021 1.81827 -0.668392 0.410402
1.46 -5.38182 -2.90198 1.42842 1.80491 -0.668392 0.410402
1.48 -5.37687 -2.86635 1.43663 1.79154 -0.668392 0.410402
1.5 -5.37224 -2.83096 1.44484 1.77817 -0.668392 0.410402
1.52 -5.36793 -2.79579 1.45304 1.7648 -0.668392 0.410402
1.54 -5.36394 -2.76086 1.46125 1.75144 -0.668392 0.410402
1.56 -5.36027 -2.72616 1.46946 1.73807 -0.668392 0.410402
1.58 -5.35691 -2.69169 1.47767 1.7247 -0.668392 0.410402
1.6 -5.35385 -2.65747 1.48588 1.71133 -0.668392 0.410402
1.62 -5.3511 -2.62349 1.49408 1.69796 -0.668392 0.410402
1.64 -5.34865 -2.58975 1.50229 1.6846 -0.668392 0.410402
1.66 -5.34649 -2.55626 1.5105 1.67123 -0.668392 0.410402
1.68 -5.34462 -2.52302 1.51871 1.65786 -0.668392 0.410402
1.7 -5.34303 -2.49004 1.52692 1.64449 -0.668392 0.410402
1.72 -5.34173 -2.45731 1.53512 1.63112 -0.668392 0.410402
1.74 -5.3407 -2.42483 1.54333 1.61776 -0.668392 0.410402
1.76 -5.33995 -2.39262 1.55154 1.60439 -0.668392 0.410402
1.78 -5.33947 -2.36067 1.55975 1.59102 -0.668392 0.410402
1.8 -5.33925 -2.32899 1.56796 1.57765 -0.668392 0.410402
1.82 -5.33929 -2.29757 1.57616 1.56429 -0.668392 0.410402
1.84 -5.33958 -2.26642 1.58437 1.55092 -0.668392 0.410402
1.86 -5.34013 -2.23554 1.59258 1.53755 -0.668392 0.410402
1.88 -5.34092 -2.20493 1.60079 1.52418 -0.668392 0.410402
1.9 -5.34195 -2.1746 1.609 1.51081 -0.668392 0.410402
1.92 -5.34323 -2.14454 1.6172 1.49745 -0.668392 0.410402
1.94 -5.34336 -2.14479 1.62691 1.47341 -1.8702 0.895574
1.96 -5.34525 -2.11576 1.64482 1.43601 -1.8702 0.895574
1.98 -5.3476 -2.08751 1.66273 1.3986 -1.8702 0.895574
2 -5.35038 -2.06005 1.68064 1.3612 -1.8702 0.895574
2.02 -5.35356 -2.03339 1.69855 1.32379 -1.8702 0.895574
2.04 -5.35711 -2.00753 1.71647 1.28639 -1.8702 0.895574
2.06 -5.36102 -1.98248 1.73438 1.24899 -1.8702 0.895574
2.08 -5.36524 -1.95824 1.75229 1.21158 -1.8702 0.895574
2.1 -5.36976 -1.93481 1.7702 1.17418 -1.8702 0.895574
2.12 -5.37454 -1.9122 1.78811 1.13677 -1.8702 0.895574
2.14 -5.37955 -1.89041 1.80602 1.09937 -1.8702 0.895574
2.16 -5.38477 -1.86944 1.82393 1.06197 -1.8702 0.895574
2.18 -5.39018 -1.84929 1.84185 1.02456 -1.8702 0.895574
2.2 -5.39574 -1.82995 1.85976 0.987158 -1.8702 0.895574
2.22 -5.40142 -1.81144 1.87767 0.949754 -1.8702 0.895574
2.24 -5.40721 -1.79374 1.89558 0.91235 -1.8702 0.895574
2.26 -5.41306 -1.77685 1.91349 0.874946 -1.8702 0.895574
2.28 -5.41896 -1.76077 1.9314 0.837542 -1.8702 0.895574
2.3 -5.42487 -1.7455 1.94931 0.800138 -1.8702 0.895574
2.32 -5.43077 -1.73103 1.96723 0.762734 -1.8702 0.895574
2.34 -5.43664 -1.71736 1.98514 0.72533 -1.8702 0.895574
2.36 -5.44245 -1.70447 2.00305 0.687926 -1.8702 0.895574
2.38 -5.44816 -1.69237 2.02096 0.650522 -1.8702 0.895574
2.4 -5.45376 -1.68104 2.03887 0.613118 -1.8702 0.895574
2.42 -5.45922 -1.67048 2.05678 0.575714 -1.8702 0.895574
2.44 -5.46451 -1.66068 2.07469 0.53831 -1.8702 0.895574
2.46 -5.46961 -1.65162 2.09261 0.500906 -1.8702 0.895574
2.48 -5.47449 -1.6433 2.11052 0.463502 -1.8702 0.895574
2.5 -5.47913 -1.63571 2.12843 0.426098 -1.8702 0.895574
2.52 -5.4835 -1.62884 2.14634 0.388694 -1.8702 0.895574
2.54 -5.48758 -1.62266 2.16425 0.35129 -1.8702 0.895574
2.56 -5.49135 -1.61718 2.18216 0.313886 -1.8702 0.895574
2.58 -5.49478 -1.61238 2.20008 0.276482 -1.8702 0.895574
2.6 -5.49785 -1.60824 2.21799 0.239078 -1.8702 0.895574
2.62 -5.50054 -1.60474 2.2359 0.201674 -1.8702 0.895574
2.64 -5.50323 -1.60137 2.25091 0.230289 1.43077 0.750418
2.66 -5.50633 -1.59759 2.26591 0.258905 1.43077 0.750418
2.68 -5.50987 -1.59342 2.28092 0.28752 1.43077 0.750418
2.7 -5.51384 -1.58887 2.29593 0.316135 1.43077 0.750418
2.72 -5.51826 -1.58396 2.31094 0.344751 1.43077 0.750418
2.74 -5.52314 -1.57869 2.32595 0.373366 1.43077 0.750418
2.76 -5.52801 -1.5734 2.30213 0.345813 -1.37767 -1.19109
2.78 -5.53273 -1.56829 2.331 0.349732 0.195945 1.44346
2.8 -5.53743 -1.5634 2.34351 0.32886 -1.04358 0.625797
2.82 -5.54191 -1.55887 2.35603 0.307988 -1.04358 0.625797
2.84 -5.54614 -1.55469 2.36854 0.287117 -1.04358 0.625797
2.86 -5.55012 -1.55085 2.38106 0.266245 -1.04358 0.625797
2.88 -5.55406 -1.547 2.35648 0.284192 0.897371 -1.22914
2.9 -5.55816 -1.54281 2.33189 0.30214 0.897371 -1.22914
2.92 -5.5624 -1.53825 2.30731 0.320087 0.897371 -1.22914
2.94 -5.56676 -1.53332 2.28273 0.338035 0.897371 -1.22914
2.96 -5.57122 -1.52801 2.25815 0.355982 0.897371 -1.22914
2.98 -5.57578 -1.52231 2.23356 0.373929 0.897371 -1.22914
3 -5.58042 -1.51622 2.20898 0.391877 0.897371 -1.22914
3.02 -5.58512 -1.50972 2.1844 0.409824 0.897371 -1.22914
3.04 -5.58985 -1.50281 2.15982 0.427772 0.897371 -1.22914
3.06 -5.59462 -1.49549 2.13523 0.445719 0.897371 -1.22914
3.08 -5.59939 -1.48775 2.11065 0.463667 0.897371 -1.22914
3.1 -5.60414 -1.47958 2.08607 0.481614 0.897371 -1.22914
3.12 -5.60887 -1.47098 2.06148 0.499561 0.897371 -1.22914
3.14 -5.61355 -1.46195 2.0369 0.517509 0.897371 -1.22914
3.16 -5.61817 -1.45249 2.01232 0.535456 0.897371 -1.22914
3.18 -5.6227 -1.44259 1.98774 0.553404 0.897371 -1.22914
3.2 -5.62713 -1.43225 1.96315 0.571351 0.897371 -1.22914
3.22 -5.63143 -1.42147 1.93857 0.589299 0.897371 -1.22914
3.24 -5.6356 -1.41025 1.91399 0.607246 0.897371 -1.22914
3.26 -5.6396 -1.3986 1.88941 0.625194 0.897371 -1.22914
3.28 -5.64342 -1.3865 1.86482 0.643141 0.897371 -1.22914
3.3 -5.64705 -1.37398 1.84024 0.661088 0.897371 -1.22914
3.32 -5.65046 -1.36102 1.81566 0.679036 0.897371 -1.22914
3.34 -5.65363 -1.34763 1.79107 0.696983 0.897371 -1.22914
3.36 -5.65654 -1.33381 1.76649 0.714931 0.897371 -1.22914
3.38 -5.65918 -1.31958 1.74191 0.732878 0.897371 -1.22914
3.4 -5.66153 -1.30493 1.71733 0.750826 0.897371 -1.22914
3.42 -5.66356 -1.28987 1.69274 0.768773 0.897371 -1.22914
3.44 -5.66526 -1.27441 1.66816 0.78672 0.897371 -1.22914
3.46 -5.66661 -1.25855 1.64358 0.804668 0.897371 -1.22914
3.48 -5.6676 -1.24231 1.619 0.822615 0.897371 -1.22914
3.5 -5.66819 -1.22569 1.59441 0.840563 0.897371 -1.22914
3.52 -5.66838 -1.2087 1.56983 0.85851 0.897371 -1.22914
3.54 -5.66815 -1.19135 1.54525 0.876458 0.897371 -1.22914
3.56 -5.66748 -1.17365 1.52066 0.894405 0.897371 -1.22914
3.58 -5.66635 -1.15562 1.49608 0.912352 0.897371 -1.22914
3.6 -5.66475 -1.13727 1.4715 0.9303 0.897371 -1.22914
3.62 -5.66266 -1.1186 1.44692 0.948247 0.897371 -1.22914
3.64 -5.66006 -1.09963 1.42233 0.966195 0.897371 -1.22914
3.66 -5.65694 -1.08038 1.39775 0.984142 0.897371 -1.22914
3.68 -5.65328 -1.06086 1.37317 1.00209 0.897371 -1.22914
3.7 -5.64906 -1.04108 1.34859 1.02004 0.897371 -1.22914
3.72 -5.64428 -1.02107 1.324 1.03798 0.897371 -1.22914
3.74 -5.63892 -1.00083 1.29942 1.05593 0.897371 -1.22914
3.76 -5.63295 -0.98038 1.27484 1.07388 0.897371 -1.22914
3.78 -5.62638 -0.959744 1.25025 1.09183 0.897371 -1.22914
3.8 -5.61919 -0.938937 1.22567 1.10977 0.897371 -1.22914
3.82 -5.61136 -0.917977 1.20109 1.12772 0.897371 -1.22914
3.84 -5.60289 -0.896882 1.17651 1.14567 0.897371 -1.22914
3.86 -5.59375 -0.875673 1.15192 1.16362 0.897371 -1.22914
3.88 -5.58419 -0.854812 1.12964 1.1314 -1.61057 -1.1144
3.9 -5.57444 -0.834749 1.10735 1.09919 -1.61057 -1.1144
3.92 -5.56454 -0.815481 1.08506 1.06698 -1.61057 -1.1144
3.94 -5.55452 -0.797005 1.06277 1.03477 -1.61057 -1.1144
3.96 -5.54442 -0.779316 1.04048 1.00256 -1.61057 -1.1144
3.98 -5.53425 -0.762409 1.0182 0.970348 -1.61057 -1.1144
4 -5.52405 -0.746277 0.995907 0.938137 -1.61057 -1.1144
4.02 -5.51386 -0.730913 0.973619 0.905925 -1.61057 -1.1144
4.04 -5.50369 -0.716309 0.951331 0.873714 -1.61057 -1.1144
4.06 -5.49357 -0.702455 0.929043 0.841502 -1.61057 -1.1144
4.08 -5.48355 -0.689342 0.906755 0.809291 -1.61057 -1.1144
4.1 -5.47363 -0.676958 0.884467 0.777079 -1.61057 -1.1144
4.12 -5.46386 -0.665293 0.862179 0.744868 -1.61057 -1.1144
4.14 -5.45425 -0.654332 0.839891 0.712657 -1.61057 -1.1144
4.16 -5.44484 -0.644063 0.817603 0.680445 -1.61057 -1.1144
4.18 -5.43564 -0.634471 0.795315 0.648234 -1.61057 -1.1144
4.2 -5.42669 -0.625542 0.773027 0.616022 -1.61057 -1.1144
4.22 -5.41801 -0.617259 0.750739 0.583811 -1.61057 -1.1144
4.24 -5.40963 -0.609606 0.728451 0.5516 -1.61057 -1.1144
4.26 -5.40156 -0.602565 0.706163 0.519388 -1.61057 -1.1144
4.28 -5.39383 -0.596118 0.683875 0.487177 -1.61057 -1.1144
4.3 -5.38646 -0.590246 0.661587 0.454965 -1.61057 -1.1144
4.32 -5.37948 -0.584931 0.639299 0.422754 -1.61057 -1.1144
4.34 -5.3729 -0.58015 0.617011 0.390543 -1.61057 -1.1144
4.36 -5.36671 -0.575893 0.588562 0.360175 -1.51836 -1.42244
4.38 -5.36092 -0.572144 0.560113 0.329808 -1.51836 -1.42244
4.4 -5.35554 -0.568876 0.531664 0.299441 -1.51836 -1.42244
4.42 -5.3506 -0.566062 0.503216 0.269074 -1.51836 -1.42244
4.44 -5.34612 -0.563676 0.474767 0.238707 -1.51836 -1.42244
4.46 -5.34212 -0.561688 0.446318 0.20834 -1.51836 -1.42244
4.48 -5.33861 -0.560069 0.417869 0.177973 -1.51836 -1.42244
4.5 -5.33562 -0.558789 0.389421 0.147605 -1.51836 -1.42244
4.52 -5.33315 -0.557817 0.360972 0.117238 -1.51836 -1.42244
4.54 -5.33123 -0.557122 0.332523 0.0868711 -1.51836 -1.42244
4.56 -5.32987 -0.556672 0.304074 0.0565039 -1.51836 -1.42244
4.58 -5.32908 -0.556434 0.275626 0.0261368 -1.51836 -1.42244
4.6 -5.32887 -0.556376 0.247177 -0.00423036 -1.51836 -1.42244
4.62 -5.32925 -0.556465 0.218728 -0.0345975 -1.51836 -1.42244
4.64 -5.33022 -0.556665 0.190279 -0.0649647 -1.51836 -1.42244
4.66 -5.33157 -0.556931 0.198161 -0.0725973 -0.38163 0.394101
4.68 -5.33307 -0.557238 0.206044 -0.0802299 -0.38163 0.394101
4.7 -5.33471 -0.557588 0.213926 -0.0878625 -0.38163 0.394101
4.72 -5.3365 -0.557985 0.221808 -0.0954951 -0.38163 0.394101
4.74 -5.33844 -0.558429 0.22969 -0.103128 -0.38163 0.394101
4.76 -5.34052 -0.558925 0.237572 -0.11076 -0.38163 0.394101
4.78 -5.34275 -0.559473 0.245454 -0.118393 -0.38163 0.394101
4.8 -5.34512 -0.560076 0.253336 -0.126025 -0.38163 0.394101
4.82 -5.34763 -0.560737 0.261218 -0.133658 -0.38163 0.394101
4.84 -5.35028 -0.561458 0.2691 -0.141291 -0.38163 0.394101
4.86 -5.35307 -0.56224 0.276982 -0.148923 -0.38163 0.394101
4.88 -5.35601 -0.563087 0.284864 -0.156556 -0.38163 0.394101
4.9 -5.35908 -0.564001 0.292746 -0.164188 -0.38163 0.394101
4.92 -5.3623 -0.564983 0.300628 -0.171821 -0.38163 0.394101
4.94 -5.36565 -0.566037 0.30851 -0.179454 -0.38163 0.394101
4.96 -5.36914 -0.567164 0.316392 -0.187086 -0.38163 0.394101
4.98 -5.37276 -0.568366 0.324274 -0.194719 -0.38163 0.394101
5 -5.37652 -0.569646 0.332156 -0.202352 -0.38163 0.394101
5.02 -5.38041 -0.571006 0.340038 -0.209984 -0.38163 0.394101
5.04 -5.38444 -0.572448 0.34792 -0.217617 -0.38163 0.394101
5.06 -5.38859 -0.573975 0.355802 -0.225249 -0.38163 0.394101
5.08 -5.39288 -0.575587 0.363684 -0.232882 -0.38163 0.394101
5.1 -5.3973 -0.577289 0.371566 -0.240515 -0.38163 0.394101
5.12 -5.40185 -0.579081 0.379448 -0.248147 -0.38163 0.394101
5.14 -5.40652 -0.580966 0.38733 -0.25578 -0.38163 0.394101
5.16 -5.41132 -0.582946 0.395212 -0.263412 -0.38163 0.394101
5.18 -5.41624 -0.585024 0.403094 -0.271045 -0.38163 0.394101
5.2 -5.42129 -0.5872 0.410976 -0.278678 -0.38163 0.394101
5.22 -5.42646 -0.589478 0.418858 -0.28631 -0.38163 0.394101
5.24 -5.43175 -0.591859 0.42674 -0.293943 -0.38163 0.394101
5.26 -5.43716 -0.594345 0.434622 -0.301575 -0.38163 0.394101
5.28 -5.44269 -0.596939 0.442504 -0.309208 -0.38163 0.394101
5.3 -5.44856 -0.599821 0.470027 -0.344672 -1.7732 1.37613
5.32 -5.45498 -0.603194 0.49755 -0.380136 -1.7732 1.37613
5.34 -5.46192 -0.607089 0.525072 -0.4156 -1.7732 1.37613
5.36 -5.46935 -0.611537 0.552595 -0.451064 -1.7732 1.37613
5.38 -5.47727 -0.616569 0.580117 -0.486528 -1.7732 1.37613
5.4 -5.48562 -0.622214 0.60764 -0.521993 -1.7732 1.37613
5.42 -5.4944 -0.628499 0.635163 -0.557457 -1.7732 1.37613
5.44 -5.50356 -0.635452 0.662685 -0.592921 -1.7732 1.37613
5.46 -5.51308 -0.643099 0.690208 -0.628385 -1.7732 1.37613
5.48 -5.52293 -0.651464 0.71773 -0.663849 -1.7732 1.37613
5.5 -5.53308 -0.66057 0.745253 -0.699313 -1.7732 1.37613
5.52 -5.54348 -0.670441 0.772776 -0.734777 -1.7732 1.37613
5.54 -5.55411 -0.681096 0.800298 -0.770241 -1.7732 1.37613
5.56 -5.56493 -0.692555 0.827821 -0.805705 -1.7732 1.37613
5.58 -5.5759 -0.704836 0.855344 -0.841169 -1.7732 1.37613
5.6 -5.58679 -0.717456 0.861936 -0.826008 0.758057 0.329622
5.62 -5.59741 -0.729916 0.868528 -0.810847 0.758057 0.329622
5.64 -5.60792 -0.742178 0.855619 -0.804239 0.330392 -0.64548
5.66 -5.61851 -0.754094 0.832459 -0.790255 0.699223 -1.158
5.68 -5.62919 -0.765557 0.809299 -0.77627 0.699223 -1.158
5.7 -5.63993 -0.77657 0.786139 -0.762286 0.699223 -1.158
5.72 -5.65073 -0.787135 0.762979 -0.748301 0.699223 -1.158
5.74 -5.66156 -0.797257 0.739819 -0.734317 0.699223 -1.158
5.76 -5.67242 -0.806938 0.716659 -0.720332 0.699223 -1.158
5.78 -5.68328 -0.816185 0.693499 -0.706348 0.699223 -1.158
5.8 -5.69414 -0.825001 0.670339 -0.692364 0.699223 -1.158
5.82 -5.70498 -0.833392 0.647179 -0.678379 0.699223 -1.158
5.84 -5.71578 -0.841364 0.624019 -0.664395 0.699223 -1.158
5.86 -5.72654 -0.848922 0.600859 -0.65041 0.699223 -1.158
5.88 -5.73724 -0.856074 0.577698 -0.636426 0.699223 -1.158
5.9 -5.74786 -0.862827 0.554538 -0.622441 0.699223 -1.158
5.92 -5.7584 -0.869187 0.531378 -0.608457 0.699223 -1.158
5.94 -5.76884 -0.875162 0.508218 -0.594472 0.699223 -1.158
5.96 -5.77917 -0.880761 0.485058 -0.580488 0.699223 -1.158
5.98 -5.78938 -0.885991 0.461898 -0.566503 0.699223 -1.158
6 -5.79945 -0.890862 0.438738 -0.552519 0.699223 -1.158
6.02 -5.80938 -0.895383 0.415578 -0.538535 0.699223 -1.158
6.04 -5.81916 -0.899562 0.392418 -0.52455 0.699223 -1.158
6.06 -5.82877 -0.90341 0.369258 -0.510566 0.699223 -1.158
6.08 -5.8382 -0.906936 0.346098 -0.496581 0.699223 -1.158
6.1 -5.84745 -0.910152 0.322938 -0.482597 0.699223 -1.158
6.12 -5.8565 -0.913066 0.299778 -0.468612 0.699223 -1.158
6.14 -5.86536 -0.915691 0.276618 -0.454628 0.699223 -1.158
6.16 -5.874 -0.918036 0.253458 -0.440643 0.699223 -1.158
6.18 -5.88242 -0.920114 0.230298 -0.426659 0.699223 -1.158
6.2 -5.89061 -0.921936 0.207138 -0.412674 0.699223 -1.158
6.22 -5.89857 -0.923513 0.183978 -0.39869 0.699223 -1.158
6.24 -5.90628 -0.924857 0.160818 -0.384705 0.699223 -1.158
6.26 -5.91375 -0.925981 0.137658 -0.370721 0.699223 -1.158
6.28 -5.92097 -0.926896 0.114498 -0.356737 0.699223 -1.158
6.3 -5.92793 -0.927615 0.0913379 -0.342752 0.699223 -1.158
6.32 -5.93462 -0.928151 0.0681779 -0.328768 0.699223 -1.158
6.34 -5.94105 -0.928515 0.0450179 -0.314783 0.699223 -1.158
6.36 -5.9472 -0.928722 0.0218578 -0.300799 0.699223 -1.158
6.38 -5.95308 -0.928783 -0.00130218 -0.286814 0.699223 -1.158
6.4 -5.95867 -0.928711 -0.0244622 -0.27283 0.699223 -1.158
6.42 -5.96389 -0.928511 -0.0525557 -0.249149 1.18403 -1.40467
6.44 -5.96862 -0.928197 -0.0806491 -0.225468 1.18403 -1.40467
6.46 -5.97288 -0.927794 -0.108743 -0.201788 1.18403 -1.40467
6.48 -5.97665 -0.927329 -0.136836 -0.178107 1.18403 -1.40467
6.5 -5.97993 -0.926831 -0.164929 -0.154427 1.18403 -1.40467
6.52 -5.98274 -0.926324 -0.193023 -0.130746 1.18403 -1.40467
6.54 -5.98507 -0.925836 -0.221116 -0.107065 1.18403 -1.40467
6.56 -5.98692 -0.925394 -0.24921 -0.0833846 1.18403 -1.40467
6.58 -5.9883 -0.925022 -0.277303 -0.059704 1.18403 -1.40467
6.6 -5.98922 -0.924749 -0.305397 -0.0360233 1.18403 -1.40467
6.62 -5.98968 -0.924598 -0.33349 -0.0123427 1.18403 -1.40467
6.64 -5.98969 -0.924595 -0.361584 0.011338 1.18403 -1.40467
6.66 -5.98926 -0.924766 -0.389677 0.0350186 1.18403 -1.40467
6.68 -5.9884 -0.925136 -0.417771 0.0586993 1.18403 -1.40467
6.7 -5.98712 -0.925727 -0.445864 0.0823799 1.18403 -1.40467
6.72 -5.98543 -0.926564 -0.473957 0.106061 1.18403 -1.40467
6.74 -5.98335 -0.927671 -0.502051 0.129741 1.18403 -1.40467
6.76 -5.98088 -0.929069 -0.530144 0.153422 1.18403 -1.40467
6.78 -5.97806 -0.930781 -0.558238 0.177103 1.18403 -1.40467
6.8 -5.97488 -0.932829 -0.586331 0.200783 1.18403 -1.40467
6.82 -5.97137 -0.935232 -0.614425 0.224464 1.18403 -1.40467
6.84 -5.96755 -0.938011 -0.642518 0.248144 1.18403 -1.40467
6.86 -5.96343 -0.941186 -0.670612 0.271825 1.18403 -1.40467
6.88 -5.95904 -0.944775 -0.698705 0.295506 1.18403 -1.40467
6.9 -5.95439 -0.948795 -0.726798 0.319186 1.18403 -1.40467
6.92 -5.9495 -0.953264 -0.754892 0.342867 1.18403 -1.40467
6.94 -5.94441 -0.958197 -0.782985 0.366548 1.18403 -1.40467
6.96 -5.93912 -0.963611 -0.811079 0.390228 1.18403 -1.40467
6.98 -5.93366 -0.969519 -0.839172 0.413909 1.18403 -1.40467
7 -5.92807 -0.975935 -0.867266 0.43759 1.18403 -1.40467
7.02 -5.92235 -0.982871 -0.895359 0.46127 1.18403 -1.40467
7.04 -5.91654 -0.990338 -0.923453 0.484951 1.18403 -1.40467
7.06 -5.91066 -0.998348 -0.951546 0.508632 1.18403 -1.40467
7.08 -5.90474 -1.00691 -0.979639 0.532312 1.18403 -1.40467
7.1 -5.8988 -1.01603 -1.00773 0.555993 1.18403 -1.40467
7.12 -5.89304 -1.02509 -1.00161 0.517575 -1.92088 0.306321
7.14 -5.88765 -1.03347 -0.99548 0.479158 -1.92088 0.306321
7.16 -5.88262 -1.04117 -0.989354 0.44074 -1.92088 0.306321
7.18 -5.87797 -1.0482 -0.983227 0.402323 -1.92088 0.306321
7.2 -5.8737 -1.05457 -0.977101 0.363905 -1.92088 0.306321
7.22 -5.86983 -1.06027 -0.970974 0.325487 -1.92088 0.306321
7.24 -5.86632 -1.06556 -1.00074 0.308633 -0.842745 -1.48846
7.26 -5.86316 -1.07066 -1.03051 0.291778 -0.842745 -1.48846
7.28 -5.86032 -1.07556 -1.06028 0.274923 -0.842745 -1.48846
7.3 -5.85778 -1.08025 -1.09005 0.258068 -0.842745 -1.48846
7.32 -5.85554 -1.08471 -1.11982 0.241213 -0.842745 -1.48846
7.34 -5.85357 -1.08893 -1.14959 0.224358 -0.842745 -1.48846
7.36 -5.85186 -1.0929 -1.17936 0.207503 -0.842745 -1.48846
7.38 -5.8504 -1.0966 -1.20913 0.190648 -0.842745 -1.48846
7.4 -5.84916 -1.10002 -1.2389 0.173793 -0.842745 -1.48846
7.42 -5.84816 -1.10295 -1.24789 0.135134 -1.93298 -0.449666
7.44 -5.84744 -1.10515 -1.25688 0.0964744 -1.93298 -0.449666
7.46 -5.84697 -1.10662 -1.26588 0.0578149 -1.93298 -0.449666
7.48 -5.84674 -1.10735 -1.27487 0.0191554 -1.93298 -0.449666
7.5 -5.84674 -1.10735 -1.28386 -0.0195041 -1.93298 -0.449666
7.52 -5.84696 -1.1066 -1.29286 -0.0581637 -1.93298 -0.449666
7.54 -5.84737 -1.10511 -1.30185 -0.0968232 -1.93298 -0.449666
7.56 -5.84798 -1.10287 -1.31084 -0.135483 -1.93298 -0.449666
7.58 -5.84876 -1.09987 -1.31984 -0.174142 -1.93298 -0.449666
7.6 -5.84971 -1.09612 -1.32883 -0.212802 -1.93298 -0.449666
7.62 -5.8508 -1.09161 -1.33782 -0.251461 -1.93298 -0.449666
7.64 -5.85202 -1.08633 -1.34682 -0.290121 -1.93298 -0.449666
7.66 -5.85337 -1.08029 -1.35581 -0.32878 -1.93298 -0.449666
7.68 -5.85482 -1.07348 -1.3648 -0.36744 -1.93298 -0.449666
7.7 -5.85637 -1.0659 -1.3738 -0.406099 -1.93298 -0.449666
7.72 -5.858 -1.05755 -1.38279 -0.444759 -1.93298 -0.449666
7.74 -5.85969 -1.04843 -1.39178 -0.483418 -1.93298 -0.449666
7.76 -5.86144 -1.03852 -1.40078 -0.522078 -1.93298 -0.449666
7.78 -5.86322 -1.02784 -1.40977 -0.560737 -1.93298 -0.449666
7.8 -5.86503 -1.01638 -1.41876 -0.599397 -1.93298 -0.449666
7.82 -5.86685 -1.00414 -1.42776 -0.638056 -1.93298 -0.449666
7.84 -5.86866 -0.991123 -1.43675 -0.676716 -1.93298 -0.449666
7.86 -5.87046 -0.977319 -1.44574 -0.715375 -1.93298 -0.449666
7.88 -5.87223 -0.962731 -1.45474 -0.754035 -1.93298 -0.449666
7.9 -5.87395 -0.94736 -1.46373 -0.792695 -1.93298 -0.449666
7.92 -5.87561 -0.931205 -1.47272 -0.831354 -1.93298 -0.449666
7.94 -5.8772 -0.914266 -1.48172 -0.870014 -1.93298 -0.449666
7.96 -5.8787 -0.896542 -1.49071 -0.908673 -1.93298 -0.449666
7.98 -5.8801 -0.878035 -1.4997 -0.947333 -1.93298 -0.449666
8 -5.88139 -0.858745 -1.5087 -0.985992 -1.93298 -0.449666
8.02 -5.88255 -0.838672 -1.51769 -1.02465 -1.93298 -0.449666
8.04 -5.88356 -0.817817 -1.52668 -1.06331 -1.93298 -0.449666
8.06 -5.88442 -0.796181 -1.53568 -1.10197 -1.93298 -0.449666
8.08 -5.8851 -0.773766 -1.54467 -1.14063 -1.93298 -0.449666
8.1 -5.8856 -0.750572 -1.55366 -1.17929 -1.93298 -0.449666
8.12 -5.88591 -0.726602 -1.56266 -1.21795 -1.93298 -0.449666
8.14 -5.886 -0.701856 -1.57165 -1.25661 -1.93298 -0.449666
8.16 -5.88586 -0.676338 -1.58064 -1.29527 -1.93298 -0.449666
8.18 -5.88548 -0.650049 -1.58964 -1.33393 -1.93298 -0.449666
8.2 -5.88485 -0.622991 -1.59863 -1.37259 -1.93298 -0.449666
8.22 -5.88395 -0.595168 -1.60762 -1.41125 -1.93298 -0.449666
8.24 -5.88277 -0.566581 -1.61662 -1.44991 -1.93298 -0.449666
8.26 -5.88129 -0.537233 -1.62561 -1.48857 -1.93298 -0.449666
8.28 -5.87942 -0.507582 -1.64212 -1.48253 0.301876 -0.825464
8.3 -5.87706 -0.478085 -1.65863 -1.47649 0.301876 -0.825464
8.32 -5.87424 -0.448752 -1.67514 -1.47045 0.301876 -0.825464
8.34 -5.87094 -0.41959 -1.69165 -1.46442 0.301876 -0.825464
8.36 -5.86718 -0.390605 -1.70816 -1.45838 0.301876 -0.825464
8.38 -5.86295 -0.361807 -1.72467 -1.45234 0.301876 -0.825464
8.4 -5.85827 -0.3332 -1.74118 -1.4463 0.301876 -0.825464
8.42 -5.85314 -0.304794 -1.75769 -1.44027 0.301876 -0.825464
8.44 -5.84757 -0.276595 -1.77419 -1.43423 0.301876 -0.825464
8.46 -5.84156 -0.24861 -1.7907 -1.42819 0.301876 -0.825464
8.48 -5.83534 -0.220332 -1.78382 -1.46722 -1.95139 0.344068
8.5 -5.82915 -0.191248 -1.77694 -1.50625 -1.95139 0.344068
8.52 -5.82301 -0.161357 -1.77006 -1.54527 -1.95139 0.344068
8.54 -5.81692 -0.13066 -1.76318 -1.5843 -1.95139 0.344068
8.56 -5.8109 -0.0991542 -1.7563 -1.62333 -1.95139 0.344068
8.58 -5.80495 -0.0668403 -1.74942 -1.66236 -1.95139 0.344068
8.6 -5.79909 -0.0337177 -1.74253 -1.70138 -1.95139 0.344068
8.62 -5.79332 0.000214029 -1.73565 -1.74041 -1.95139 0.344068
8.64 -5.78767 0.034955 -1.72877 -1.77944 -1.95139 0.344068
8.66 -5.78213 0.0705053 -1.72189 -1.81847 -1.95139 0.344068
8.68 -5.77672 0.106865 -1.71501 -1.8575 -1.95139 0.344068
8.7 -5.77145 0.144034 -1.70813 -1.89652 -1.95139 0.344068
8.72 -5.76634 0.182012 -1.70125 -1.93555 -1.95139 0.344068
8.74 -5.76139 0.220798 -1.69436 -1.97458 -1.95139 0.344068
8.76 -5.75661 0.260392 -1.68748 -2.01361 -1.95139 0.344068
8.78 -5.75201 0.300794 -1.6806 -2.05263 -1.95139 0.344068
8.8 -5.74761 0.342003 -1.67372 -2.09166 -1.95139 0.344068
8.82 -5.74342 0.384018 -1.66684 -2.13069 -1.95139 0.344068
8.84 -5.73945 0.426837 -1.65996 -2.16972 -1.95139 0.344068
8.86 -5.7357 0.470461 -1.65308 -2.20875 -1.95139 0.344068
8.88 -5.73219 0.514888 -1.6462 -2.24777 -1.95139 0.344068
8.9 -5.72893 0.560116 -1.63931 -2.2868 -1.95139 0.344068
8.92 -5.72593 0.606145 -1.63243 -2.32583 -1.95139 0.344068
8.94 -5.7232 0.652972 -1.62555 -2.36486 -1.95139 0.344068
8.96 -5.72076 0.700597 -1.61867 -2.40388 -1.95139 0.344068
8.98 -5.7186 0.749017 -1.61179 -2.44291 -1.95139 0.344068
9 -5.71675 0.798231 -1.60491 -2.48194 -1.95139 0.344068
9.02 -5.71522 0.848236 -1.59803 -2.52097 -1.95139 0.344068
9.04 -5.71401 0.899031 -1.59114 -2.56 -1.95139 0.344068
9.06 -5.71314 0.950614 -1.58426 -2.59902 -1.95139 0.344068
9.08 -5.71262 1.00298 -1.57738 -2.63805 -1.95139 0.344068
9.1 -5.71184 1.00285 -1.60707 -2.62642 -1.36975 -1.14049
9.12 -5.70932 1.05559 -1.62988 -2.65381 -1.36975 -1.14049
9.14 -5.70556 1.10881 -1.65269 -2.68121 -1.36975 -1.14049
9.16 -5.70054 1.16247 -1.6755 -2.7086 -1.36975 -1.14049
9.18 -5.69423 1.21655 -1.69831 -2.736 -1.36975 -1.14049
9.2 -5.68662 1.27101 -1.72112 -2.76339 -1.36975 -1.14049
9.22 -5.67767 1.32583 -1.74393 -2.79079 -1.36975 -1.14049
9.24 -5.66738 1.38096 -1.76674 -2.81818 -1.36975 -1.14049
9.26 -5.65572 1.43639 -1.78955 -2.84558 -1.36975 -1.14049
9.28 -5.64267 1.49206 -1.81236 -2.87297 -1.36975 -1.14049
9.3 -5.62822 1.54796 -1.83517 -2.90037 -1.36975 -1.14049
9.32 -5.61235 1.60403 -1.85798 -2.92776 -1.36975 -1.14049
9.34 -5.59505 1.66026 -1.88079 -2.95516 -1.36975 -1.14049
9.36 -5.57629 1.71659 -1.9036 -2.98255 -1.36975 -1.14049
9.38 -5.55637 1.77247 -1.92274 -2.94945 1.65537 -0.957176
9.4 -5.53563 1.82734 -1.94189 -2.91634 1.65537 -0.957176
9.42 -5.51408 1.88118 -1.96103 -2.88323 1.65537 -0.957176
9.44 -5.49177 1.93399 -1.98017 -2.85012 1.65537 -0.957176
9.46 -5.46871 1.98576 -1.99932 -2.81702 1.65537 -0.957176
9.48 -5.44496 2.03648 -2.01846 -2.78391 1.65537 -0.957176
9.5 -5.42052 2.08614 -2.03761 -2.7508 1.65537 -0.957176
9.52 -5.39545 2.13474 -2.05675 -2.71769 1.65537 -0.957176
9.54 -5.36976 2.18226 -2.07589 -2.68459 1.65537 -0.957176
9.56 -5.3435 2.22871 -2.09504 -2.65148 1.65537 -0.957176
9.58 -5.31668 2.27408 -2.11418 -2.61837 1.65537 -0.957176
9.6 -5.28935 2.31836 -2.13332 -2.58527 1.65537 -0.957176
9.62 -5.26154 2.36155 -2.15247 -2.55216 1.65537 -0.957176
9.64 -5.23328 2.40366 -2.17161 -2.51905 1.65537 -0.957176
9.66 -5.20459 2.44467 -2.19075 -2.48594 1.65537 -0.957176
9.68 -5.17551 2.48459 -2.2099 -2.45284 1.65537 -0.957176
9.7 -5.14563 2.52399 -2.22931 -2.49241 -1.97853 -0.970618
9.72 -5.1145 2.56343 -2.24872 -2.53198 -1.97853 -0.970618
9.74 -5.08211 2.60287 -2.26813 -2.57155 -1.97853 -0.970618
9.76 -5.04844 2.64227 -2.28755 -2.61112 -1.97853 -0.970618
9.78 -5.01349 2.6816 -2.30696 -2.65069 -1.97853 -0.970618
9.8 -4.97725 2.72083 -2.32637 -2.69026 -1.97853 -0.970618
9.82 -4.9397 2.75991 -2.34578 -2.72983 -1.97853 -0.970618
9.84 -4.90084 2.79883 -2.3652 -2.7694 -1.97853 -0.970618
9.86 -4.90169 2.79855 -2.35024 -2.69042 1.97066 -0.223041
9.88 -4.86406 2.83646 -2.35471 -2.651 1.97066 -0.223041
9.9 -4.82682 2.87365 -2.35917 -2.61159 1.97066 -0.223041
9.92 -4.78997 2.91011 -2.36363 -2.57218 1.97066 -0.223041
9.94 -4.75353 2.94586 -2.36809 -2.53276 1.97066 -0.223041
9.96 -4.71749 2.98089 -2.37255 -2.49335 1.97066 -0.223041
9.98 -4.68187 3.01522 -2.37701 -2.45394 1.97066 -0.223041
10 -4.64666 3.04884 -2.38147 -2.41452 1.97066 -0.223041
10.02 -4.61187 3.08177 -2.38593 -2.37511 1.97066 -0.223041
10.04 -4.57751 3.114 -2.39039 -2.3357 1.97066 -0.223041
10.06 -4.54359 3.14553 -2.39485 -2.29628 1.97066 -0.223041
10.08 -4.5101 3.17639 -2.39931 -2.25687 1.97066 -0.223041
10.1 -4.47706 3.20656 -2.40377 -2.21746 1.97066 -0.223041
10.12 -4.44447 3.23605 -2.40823 -2.17804 1.97066 -0.223041
10.14 -4.41234 3.26488 -2.4127 -2.13863 1.97066 -0.223041
10.16 -4.38067 3.29303 -2.41716 -2.09922 1.97066 -0.223041
10.18 -4.34946 3.32053 -2.42162 -2.0598 1.97066 -0.223041
10.2 -4.31873 3.34736 -2.42608 -2.02039 1.97066 -0.223041
10.22 -4.28847 3.37354 -2.43054 -1.98098 1.97066 -0.223041
10.24 -4.25869 3.39908 -2.435 -1.94156 1.97066 -0.223041
10.26 -4.2294 3.42397 -2.43946 -1.90215 1.97066 -0.223041
10.28 -4.2006 3.44822 -2.44392 -1.86274 1.97066 -0.223041
10.3 -4.1723 3.47184 -2.44838 -1.82332 1.97066 -0.223041
10.32 -4.1445 3.49482 -2.45284 -1.78391 1.97066 -0.223041
10.34 -4.11721 3.51719 -2.4573 -1.7445 1.97066 -0.223041
10.36 -4.09043 3.53894 -2.46176 -1.70508 1.97066 -0.223041
10.38 -4.06417 3.56007 -2.46623 -1.66567 1.97066 -0.223041
10.4 -4.03844 3.58059 -2.47069 -1.62626 1.97066 -0.223041
10.42 -4.01322 3.60051 -2.47515 -1.58684 1.97066 -0.223041
10.44 -3.98855 3.61983 -2.47961 -1.54743 1.97066 -0.223041
10.46 -3.9644 3.63856 -2.48407 -1.50802 1.97066 -0.223041
10.48 -3.9408 3.6567 -2.48853 -1.4686 1.97066 -0.223041
10.5 -3.91775 3.67426 -2.49299 -1.42919 1.97066 -0.223041
10.52 -3.89525 3.69124 -2.49745 -1.38978 1.97066 -0.223041
10.54 -3.8733 3.70764 -2.50191 -1.35036 1.97066 -0.223041
10.56 -3.85191 3.72348 -2.50637 -1.31095 1.97066 -0.223041
10.58 -3.83109 3.73876 -2.51083 -1.27154 1.97066 -0.223041
10.6 -3.8107 3.7534 -2.52679 -1.23887 1.63323 -0.797949
10.62 -3.79062 3.76734 -2.54275 -1.20621 1.63323 -0.797949
10.64 -3.77085 3.7806 -2.55871 -1.17354 1.63323 -0.797949
10.66 -3.75143 3.79319 -2.57467 -1.14088 1.63323 -0.797949
10.68 -3.73236 3.80512 -2.59063 -1.10821 1.63323 -0.797949
10.7 -3.71367 3.8164 -2.60659 -1.07555 1.63323 -0.797949
10.72 -3.69536 3.82705 -2.62255 -1.04289 1.63323 -0.797949
10.74 -3.67745 3.8371 -2.63851 -1.01022 1.63323 -0.797949
10.76 -3.65996 3.84654 -2.65446 -0.977556 1.63323 -0.797949
10.78 -3.6429 3.85541 -2.67042 -0.944892 1.63323 -0.797949
10.8 -3.62629 3.8637 -2.68638 -0.912227 1.63323 -0.797949
10.82 -3.61013 3.87145 -2.70234 -0.879562 1.63323 -0.797949
10.84 -3.59445 3.87867 -2.7183 -0.846898 1.63323 -0.797949
10.86 -3.57925 3.88537 -2.73426 -0.814233 1.63323 -0.797949
10.88 -3.56455 3.89158 -2.75022 -0.781568 1.63323 -0.797949
10.9 -3.55036 3.89731 -2.76618 -0.748904 1.63323 -0.797949
10.92 -3.53668 3.90257 -2.78214 -0.716239 1.63323 -0.797949
10.94 -3.52354 3.90739 -2.7981 -0.683574 1.63323 -0.797949
10.96 -3.51094 3.91178 -2.81405 -0.65091 1.63323 -0.797949
10.98 -3.49889 3.91577 -2.83001 -0.618245 1.63323 -0.797949
11 -3.4874 3.91937 -2.84597 -0.585581 1.63323 -0.797949
11.02 -3.47649 3.9226 -2.86193 -0.552916 1.63323 -0.797949
11.04 -3.46615 3.92548 -2.87789 -0.520251 1.63323 -0.797949
11.06 -3.4564 3.92803 -2.89385 -0.487587 1.63323 -0.797949
11.08 -3.44724 3.93027 -2.90981 -0.454922 1.63323 -0.797949
11.1 -3.43869 3.93222 -2.92577 -0.422257 1.63323 -0.797949
11.12 -3.43075 3.9339 -2.94173 -0.389593 1.63323 -0.797949
11.14 -3.42342 3.93532 -2.95769 -0.356928 1.63323 -0.797949
11.16 -3.41671 3.93651 -2.97364 -0.324263 1.63323 -0.797949
11.18 -3.41063 3.9375 -2.9896 -0.291599 1.63323 -0.797949
11.2 -3.40519 3.93829 -3.00556 -0.258934 1.63323 -0.797949
11.22 -3.40037 3.93891 -3.02152 -0.22627 1.63323 -0.797949
11.24 -3.3962 3.93938 -3.03748 -0.193605 1.63323 -0.797949
11.26 -3.39267 3.93972 -3.05344 -0.16094 1.63323 -0.797949
11.28 -3.38907 3.94006 -3.04395 -0.200766 -1.99129 0.47435
11.3 -3.38468 3.94051 -3.03446 -0.240592 -1.99129 0.47435
11.32 -3.3795 3.94109 -3.02498 -0.280418 -1.99129 0.47435
11.34 -3.37354 3.94182 -3.01549 -0.320243 -1.99129 0.47435
11.36 -3.3668 3.94271 -3.006 -0.360069 -1.99129 0.47435
11.38 -3.35927 3.94377 -2.99652 -0.399895 -1.99129 0.47435
11.4 -3.35097 3.94502 -2.98703 -0.439721 -1.99129 0.47435
11.42 -3.34189 3.94648 -2.97754 -0.479547 -1.99129 0.47435
11.44 -3.34222 3.9464 -2.98303 -0.445707 -0.299289 0.199958
11.46 -3.3335 3.94779 -2.98472 -0.437154 0.427625 -0.0844024
11.48 -3.32495 3.94914 -2.98641 -0.428602 0.427625 -0.0844024
11.5 -3.31657 3.95044 -2.98809 -0.420049 0.427625 -0.0844024
11.52 -3.30858 3.95173 -2.9747 -0.389097 1.54761 0.669685
11.54 -3.30122 3.95302 -2.96131 -0.358144 1.54761 0.669685
11.56 -3.29448 3.95429 -2.94791 -0.327192 1.54761 0.669685
11.58 -3.28837 3.95553 -2.93452 -0.29624 1.54761 0.669685
11.6 -3.28289 3.95672 -2.92113 -0.265288 1.54761 0.669685
11.62 -3.27802 3.95785 -2.90773 -0.234335 1.54761 0.669685
11.64 -3.27377 3.95889 -2.89434 -0.203383 1.54761 0.669685
11.66 -3.27013 3.95983 -2.88095 -0.172431 1.54761 0.669685
11.68 -3.2671 3.96066 -2.86755 -0.141479 1.54761 0.669685
11.7 -3.26468 3.96136 -2.85416 -0.110526 1.54761 0.669685
11.72 -3.26286 3.96191 -2.84076 -0.079574 1.54761 0.669685
11.74 -3.26164 3.9623 -2.82737 -0.0486217 1.54761 0.669685
11.76 -3.26101 3.96251 -2.81398 -0.0176694 1.54761 0.669685
11.78 -3.26097 3.96252 -2.80058 0.0132829 1.54761 0.669685
11.8 -3.26151 3.96232 -2.78719 0.0442351 1.54761 0.669685
11.82 -3.26263 3.9619 -2.7738 0.0751874 1.54761 0.669685
11.84 -3.26431 3.96124 -2.7604 0.10614 1.54761 0.669685
11.86 -3.26656 3.96032 -2.74701 0.137092 1.54761 0.669685
11.88 -3.26937 3.95912 -2.73361 0.168044 1.54761 0.669685
11.9 -3.27273 3.95764 -2.72022 0.198997 1.54761 0.669685
11.92 -3.27663 3.95586 -2.70683 0.229949 1.54761 0.669685
11.94 -3.28107 3.95377 -2.69343 0.260901 1.54761 0.669685
11.96 -3.28604 3.95134 -2.68004 0.291853 1.54761 0.669685
11.98 -3.29152 3.94856 -2.66665 0.322806 1.54761 0.669685
12 -3.29752 3.94543 -2.65325 0.353758 1.54761 0.669685
12.02 -3.30401 3.94192 -2.63986 0.38471 1.54761 0.669685
12.04 -3.31101 3.93802 -2.62647 0.415662 1.54761 0.669685
12.06 -3.31848 3.93372 -2.61307 0.446615 1.54761 0.669685
12.08 -3.32643 3.92901 -2.59968 0.477567 1.54761 0.669685
12.1 -3.33484 3.92387 -2.58628 0.508519 1.54761 0.669685
12.12 -3.34371 3.91828 -2.57289 0.539472 1.54761 0.669685
12.14 -3.3529 3.91234 -2.5633 0.554811 0.766964 0.479521
12.16 -3.36229 3.90615 -2.55371 0.57015 0.766964 0.479521
12.18 -3.37144 3.89988 -2.52818 0.539011 -1.55698 1.27624
12.2 -3.37993 3.89375 -2.50266 0.507871 -1.55698 1.27624
12.22 -3.38776 3.88778 -2.47714 0.476731 -1.55698 1.27624
12.24 -3.39494 3.882 -2.45161 0.445592 -1.55698 1.27624
12.26 -3.40151 3.87644 -2.42609 0.414452 -1.55698 1.27624
12.28 -3.40746 3.87113 -2.40056 0.383313 -1.55698 1.27624
12.3 -3.41283 3.8661 -2.37504 0.352173 -1.55698 1.27624
12.32 -3.41762 3.86137 -2.34951 0.321034 -1.55698 1.27624
12.34 -3.42185 3.85697 -2.32399 0.289894 -1.55698 1.27624
12.36 -3.42555 3.85292 -2.29846 0.258754 -1.55698 1.27624
12.38 -3.42874 3.84925 -2.27294 0.227615 -1.55698 1.27624
12.4 -3.43144 3.84598 -2.24741 0.196475 -1.55698 1.27624
12.42 -3.43367 3.84313 -2.22189 0.165336 -1.55698 1.27624
12.44 -3.43546 3.84072 -2.19636 0.134196 -1.55698 1.27624
12.46 -3.43682 3.83878 -2.17084 0.103056 -1.55698 1.27624
12.48 -3.43779 3.83733 -2.14531 0.0719169 -1.55698 1.27624
12.5 -3.43839 3.83637 -2.11979 0.0407773 -1.55698 1.27624
12.52 -3.43865 3.83594 -2.09426 0.00963776 -1.55698 1.27624
12.54 -3.4386 3.83604 -2.06874 -0.0215018 -1.55698 1.27624
12.56 -3.43825 3.8367 -2.04321 -0.0526414 -1.55698 1.27624
12.58 -3.43765 3.83792 -2.01769 -0.083781 -1.55698 1.27624
12.6 -3.43681 3.83973 -1.99216 -0.114921 -1.55698 1.27624
12.62 -3.43578 3.84212 -1.96664 -0.14606 -1.55698 1.27624
12.64 -3.43457 3.84512 -1.94111 -0.1772 -1.55698 1.27624
12.66 -3.43322 3.84873 -1.91559 -0.208339 -1.55698 1.27624
12.68 -3.43176 3.85297 -1.89007 -0.239479 -1.55698 1.27624
12.7 -3.43023 3.85783 -1.86454 -0.270618 -1.55698 1.27624
12.72 -3.42864 3.86333 -1.83902 -0.301758 -1.55698 1.27624
12.74 -3.42704 3.86947 -1.81349 -0.332898 -1.55698 1.27624
12.76 -3.42545 3.87626 -1.78797 -0.364037 -1.55698 1.27624
12.78 -3.42391 3.88369 -1.76244 -0.395177 -1.55698 1.27624
12.8 -3.42245 3.89177 -1.73692 -0.426316 -1.55698 1.27624
12.82 -3.4211 3.90051 -1.71139 -0.457456 -1.55698 1.27624
12.84 -3.4199 3.90989 -1.68587 -0.488595 -1.55698 1.27624
12.86 -3.41874 3.91991 -1.6854 -0.519519 -1.54617 0.0233711
12.88 -3.41752 3.93054 -1.68493 -0.550442 -1.54617 0.0233711
12.9 -3.41638 3.9412 -1.66925 -0.522033 1.42045 0.784319
12.92 -3.41546 3.95132 -1.65356 -0.493624 1.42045 0.784319
12.94 -3.41474 3.96088 -1.63787 -0.465215 1.42045 0.784319
12.96 -3.41421 3.96988 -1.62219 -0.436806 1.42045 0.784319
12.98 -3.41384 3.97832 -1.6065 -0.408398 1.42045 0.784319
13 -3.41362 3.98621 -1.59081 -0.379989 1.42045 0.784319
13.02 -3.41353 3.99352 -1.57513 -0.35158 1.42045 0.784319
13.04 -3.41355 4.00027 -1.55944 -0.323171 1.42045 0.784319
13.06 -3.41367 4.00645 -1.54375 -0.294762 1.42045 0.784319
13.08 -3.41387 4.01205 -1.52807 -0.266353 1.42045 0.784319
13.1 -3.41412 4.01709 -1.51238 -0.237944 1.42045 0.784319
13.12 -3.41442 4.02156 -1.4967 -0.209535 1.42045 0.784319
13.14 -3.41474 4.02545 -1.48101 -0.181126 1.42045 0.784319
13.16 -3.41506 4.02877 -1.46532 -0.152717 1.42045 0.784319
13.18 -3.41537 4.03152 -1.44964 -0.124308 1.42045 0.784319
13.2 -3.41566 4.03371 -1.43395 -0.0958993 1.42045 0.784319
13.22 -3.41589 4.03532 -1.41826 -0.0674903 1.42045 0.784319
13.24 -3.41606 4.03638 -1.40258 -0.0390814 1.42045 0.784319
13.26 -3.41615 4.03687 -1.38689 -0.0106725 1.42045 0.784319
13.28 -3.41613 4.0368 -1.3712 0.0177365 1.42045 0.784319
13.3 -3.416 4.03617 -1.35552 0.0461454 1.42045 0.784319
13.32 -3.41573 4.035 -1.33983 0.0745543 1.42045 0.784319
13.34 -3.41531 4.03327 -1.32415 0.102963 1.42045 0.784319
13.36 -3.41472 4.031 -1.30846 0.131372 1.42045 0.784319
13.38 -3.41394 4.0282 -1.29277 0.159781 1.42045 0.784319
13.4 -3.41296 4.02486 -1.27709 0.18819 1.42045 0.784319
13.42 -3.41176 4.02099 -1.2614 0.216599 1.42045 0.784319
13.44 -3.41032 4.01661 -1.24571 0.245008 1.42045 0.784319
13.46 -3.40862 4.01171 -1.23003 0.273417 1.42045 0.784319
13.48 -3.40666 4.0063 -1.21434 0.301826 1.42045 0.784319
13.5 -3.4044 4.0004 -1.19865 0.330235 1.42045 0.784319
13.52 -3.40185 3.994 -1.18297 0.358644 1.42045 0.784319
13.54 -3.39897 3.98712 -1.16728 0.387053 1.42045 0.784319
13.56 -3.39576 3.97977 -1.1516 0.415462 1.42045 0.784319
13.58 -3.3922 3.97194 -1.13591 0.44387 1.42045 0.784319
13.6 -3.38828 3.96367 -1.12022 0.472279 1.42045 0.784319
13.62 -3.38397 3.95494 -1.10454 0.500688 1.42045 0.784319
13.64 -3.37927 3.94578 -1.08885 0.529097 1.42045 0.784319
13.66 -3.37416 3.93619 -1.07316 0.557506 1.42045 0.784319
13.68 -3.36862 3.92619 -1.05748 0.585915 1.42045 0.784319
13.7 -3.36264 3.91578 -1.04179 0.614324 1.42045 0.784319
13.72 -3.35621 3.90498 -1.0261 0.642733 1.42045 0.784319
13.74 -3.34932 3.89379 -1.01042 0.671142 1.42045 0.784319
13.76 -3.34194 3.88224 -0.994732 0.699551 1.42045 0.784319
13.78 -3.33407 3.87033 -0.979045 0.72796 1.42045 0.784319
13.8 -3.32569 3.85808 -0.963359 0.756369 1.42045 0.784319
13.82 -3.31715 3.84543 -0.989718 0.770597 0.711439 -1.31793
13.84 -3.30878 3.83231 -1.01608 0.784826 0.711439 -1.31793
13.86 -3.30062 3.81874 -1.04243 0.799055 0.711439 -1.31793
13.88 -3.29267 3.80471 -1.06879 0.813284 0.711439 -1.31793
13.9 -3.28497 3.79023 -1.09515 0.827513 0.711439 -1.31793
13.92 -3.27752 3.77529 -1.12151 0.841741 0.711439 -1.31793
13.94 -3.27035 3.7599 -1.14787 0.85597 0.711439 -1.31793
13.96 -3.26348 3.74407 -1.17423 0.870199 0.711439 -1.31793
13.98 -3.25691 3.72779 -1.20059 0.884428 0.711439 -1.31793
14 -3.25068 3.71109 -1.22694 0.898656 0.711439 -1.31793
14.02 -3.2448 3.69395 -1.2533 0.912885 0.711439 -1.31793
14.04 -3.23908 3.67692 -1.24008 0.883985 -1.44502 0.661192
14.06 -3.23333 3.66051 -1.22686 0.855084 -1.44502 0.661192
14.08 -3.22755 3.64472 -1.21363 0.826184 -1.44502 0.661192
14.1 -3.22178 3.62955 -1.20041 0.797284 -1.44502 0.661192
14.12 -3.21601 3.61499 -1.18718 0.768383 -1.44502 0.661192
14.14 -3.21028 3.60105 -1.17396 0.739483 -1.44502 0.661192
14.16 -3.20459 3.58771 -1.16074 0.710582 -1.44502 0.661192
14.18 -3.19895 3.57498 -1.14751 0.681682 -1.44502 0.661192
14.2 -3.19339 3.56285 -1.13429 0.652781 -1.44502 0.661192
14.22 -3.18757 3.5508 -1.10698 0.684762 1.59903 1.36525
14.24 -3.18113 3.53836 -1.07968 0.716742 1.59903 1.36525
14.26 -3.17404 3.52553 -1.05237 0.748723 1.59903 1.36525
14.28 -3.16628 3.51235 -1.02507 0.780704 1.59903 1.36525
14.3 -3.15782 3.49885 -0.997763 0.812684 1.59903 1.36525
14.32 -3.1488 3.48523 -0.973416 0.820613 0.396429 1.21735
14.34 -3.13936 3.47171 -0.94907 0.828541 0.396429 1.21735
14.36 -3.1295 3.4583 -0.924723 0.83647 0.396429 1.21735
14.38 -3.11922 3.445 -0.900376 0.844398 0.396429 1.21735
14.4 -3.10851 3.43184 -0.876029 0.852327 0.396429 1.21735
14.42 -3.09739 3.41882 -0.851682 0.860255 0.396429 1.21735
14.44 -3.08585 3.40595 -0.827335 0.868184 0.396429 1.21735
14.46 -3.07388 3.39326 -0.802988 0.876113 0.396429 1.21735
14.48 -3.06151 3.38074 -0.778641 0.884041 0.396429 1.21735
14.5 -3.04871 3.36843 -0.754294 0.89197 0.396429 1.21735
14.52 -3.03551 3.35632 -0.729947 0.899898 0.396429 1.21735
14.54 -3.02189 3.34443 -0.7056 0.907827 0.396429 1.21735
14.56 -3.00786 3.33277 -0.681253 0.915755 0.396429 1.21735
14.58 -2.99344 3.32136 -0.656906 0.923684 0.396429 1.21735
14.6 -2.97861 3.31021 -0.632559 0.931613 0.396429 1.21735
14.62 -2.96338 3.29934 -0.608212 0.939541 0.396429 1.21735
14.64 -2.94777 3.28874 -0.583865 0.94747 0.396429 1.21735
14.66 -2.93176 3.27845 -0.559519 0.955398 0.396429 1.21735
14.68 -2.91538 3.26846 -0.535172 0.963327 0.396429 1.21735
14.7 -2.89862 3.2588 -0.510825 0.971256 0.396429 1.21735
14.72 -2.88149 3.24947 -0.486478 0.979184 0.396429 1.21735
14.74 -2.864 3.24049 -0.462131 0.987113 0.396429 1.21735
14.76 -2.84615 3.23187 -0.437784 0.995041 0.396429 1.21735
14.78 -2.82795 3.22362 -0.413437 1.00297 0.396429 1.21735
14.8 -2.80942 3.21576 -0.38909 1.0109 0.396429 1.21735
14.82 -2.80942 3.21576 -0.38909 1.0109 0.396429 1.21735
14.84 -2.79053 3.2078 -0.408448 1.03892 1.40112 -0.967906
14.86 -2.77168 3.19979 -0.3954 1.00884 -1.50406 0.652427
14.88 -2.75329 3.19225 -0.382351 0.978759 -1.50406 0.652427
14.9 -2.73536 3.18518 -0.369302 0.948677 -1.50406 0.652427
14.92 -2.7179 3.17855 -0.356254 0.918596 -1.50406 0.652427
14.94 -2.70093 3.17236 -0.343205 0.888515 -1.50406 0.652427
14.96 -2.68444 3.16659 -0.330157 0.858434 -1.50406 0.652427
14.98 -2.66845 3.16122 -0.317108 0.828353 -1.50406 0.652427
15 -2.65296 3.15625 -0.30406 0.798272 -1.50406 0.652427
15.02 -2.63798 3.15166 -0.291011 0.76819 -1.50406 0.652427
15.04 -2.62353 3.14743 -0.277963 0.738109 -1.50406 0.652427
15.06 -2.60959 3.14355 -0.264914 0.708028 -1.50406 0.652427
15.08 -2.59619 3.14001 -0.251866 0.677947 -1.50406 0.652427
15.1 -2.58333 3.13679 -0.238817 0.647866 -1.50406 0.652427
15.12 -2.57102 3.13387 -0.225769 0.617785 -1.50406 0.652427
15.14 -2.55925 3.13125 -0.21272 0.587704 -1.50406 0.652427
15.16 -2.54804 3.1289 -0.199672 0.557622 -1.50406 0.652427
15.18 -2.53739 3.12682 -0.186623 0.527541 -1.50406 0.652427
15.2 -2.52731 3.12498 -0.173574 0.49746 -1.50406 0.652427
15.22 -2.51779 3.12338 -0.160526 0.467379 -1.50406 0.652427
15.24 -2.50885 3.12199 -0.147477 0.437298 -1.50406 0.652427
15.26 -2.50049 3.1208 -0.134429 0.407217 -1.50406 0.652427
15.28 -2.49271 3.1198 -0.12138 0.377135 -1.50406 0.652427
15.3 -2.48552 3.11897 -0.108332 0.347054 -1.50406 0.652427
15.32 -2.47891 3.1183 -0.0952832 0.316973 -1.50406 0.652427
15.34 -2.4729 3.11776 -0.0822347 0.286892 -1.50406 0.652427
15.36 -2.46748 3.11735 -0.0691861 0.256811 -1.50406 0.652427
15.38 -2.46265 3.11705 -0.0561376 0.22673 -1.50406 0.652427
15.4 -2.45842 3.11683 -0.0430891 0.196648 -1.50406 0.652427
15.42 -2.45479 3.1167 -0.0300405 0.166567 -1.50406 0.652427
15.44 -2.45176 3.11663 -0.016992 0.136486 -1.50406 0.652427
15.46 -2.44934 3.1166 -0.00394344 0.106405 -1.50406 0.652427
15.48 -2.44751 3.11661 0.0091051 0.0763239 -1.50406 0.652427
15.5 -2.44628 3.11663 0.0221536 0.0462427 -1.50406 0.652427
15.52 -2.44566 3.11664 0.0352022 0.0161615 -1.50406 0.652427
15.54 -2.44564 3.11664 0.0482507 -0.0139196 -1.50406 0.652427
15.56 -2.44588 3.11663 0.0380315 -0.0104816 0.171903 -0.510962
15.58 -2.44606 3.11663 0.0278122 -0.00704349 0.171903 -0.510962
15.6 -2.44616 3.11662 0.017593 -0.00360543 0.171903 -0.510962
15.62 -2.4462 3.11662 0.00737371 -0.000167367 0.171903 -0.510962
15.64 -2.44617 3.11662 -0.00284554 0.0032707 0.171903 -0.510962
15.66 -2.44607 3.11662 -0.0130648 0.00670876 0.171903 -0.510962
15.68 -2.4459 3.11662 -0.023284 0.0101468 0.171903 -0.510962
15.7 -2.44566 3.11661 -0.0335033 0.0135849 0.171903 -0.510962
15.72 -2.44536 3.1166 -0.0437225 0.0170229 0.171903 -0.510962
15.74 -2.44498 3.11658 -0.0539418 0.020461 0.171903 -0.510962
15.76 -2.44422 3.11655 -0.0375375 0.0559168 1.77279 0.820215
15.78 -2.44275 3.11651 -0.0211332 0.0913726 1.77279 0.820215
15.8 -2.44057 3.11648 -0.00472886 0.126828 1.77279 0.820215
15.82 -2.43767 3.11649 0.0116755 0.162284 1.77279 0.820215
15.84 -2.43407 3.11656 0.0280798 0.19774 1.77279 0.820215
15.86 -2.42977 3.11672 0.0444841 0.233196 1.77279 0.820215
15.88 -2.42476 3.11699 0.0608884 0.268652 1.77279 0.820215
15.9 -2.41904 3.11738 0.0772927 0.304107 1.77279 0.820215
15.92 -2.41263 3.11793 0.093697 0.339563 1.77279 0.820215
15.94 -2.40552 3.11866 0.110101 0.375019 1.77279 0.820215
15.96 -2.39772 3.11959 0.126506 0.410475 1.77279 0.820215
15.98 -2.38924 3.12074 0.14291 0.445931 1.77279 0.820215
16 -2.38007 3.12214 0.159314 0.481386 1.77279 0.820215
16.02 -2.37023 3.1238 0.175719 0.516842 1.77279 0.820215
16.04 -2.35972 3.12576 0.192123 0.552298 1.77279 0.820215
16.06 -2.34854 3.12803 0.208527 0.587754 1.77279 0.820215
16.08 -2.33672 3.13063 0.224931 0.62321 1.77279 0.820215
16.1 -2.32425 3.13359 0.241336 0.658665 1.77279 0.820215
16.12 -2.31114 3.13694 0.25774 0.694121 1.77279 0.820215
16.14 -2.2974 3.14068 0.274144 0.729577 1.77279 0.820215
16.16 -2.28305 3.14484 0.290549 0.765033 1.77279 0.820215
16.18 -2.26809 3.14945 0.306953 0.800489 1.77279 0.820215
16.2 -2.25253 3.15453 0.323357 0.835944 1.77279 0.820215
16.22 -2.23638 3.16008 0.339762 0.8714 1.77279 0.820215
16.24 -2.21967 3.16615 0.356166 0.906856 1.77279 0.820215
16.26 -2.20239 3.17274 0.37257 0.942312 1.77279 0.820215
16.28 -2.18457 3.17988 0.388975 0.977768 1.77279 0.820215
16.3 -2.16621 3.18758 0.405379 1.01322 1.77279 0.820215
16.32 -2.14733 3.19587 0.421783 1.04868 1.77279 0.820215
16.34 -2.12794 3.20476 0.438187 1.08413 1.77279 0.820215
16.36 -2.10806 3.21427 0.454592 1.11959 1.77279 0.820215
16.38 -2.08771 3.22443 0.470996 1.15505 1.77279 0.820215
16.4 -2.0669 3.23524 0.4874 1.1905 1.77279 0.820215
16.42 -2.04564 3.24674 0.503805 1.22596 1.77279 0.820215
16.44 -2.02396 3.25892 0.520209 1.26141 1.77279 0.820215
16.46 -2.00186 3.27182 0.536613 1.29687 1.77279 0.820215
16.48 -1.97983 3.28523 0.556548 1.28208 -0.739283 0.996732
16.5 -1.95832 3.29891 0.576483 1.2673 -0.739283 0.996732
16.52 -1.93733 3.31285 0.596417 1.25251 -0.739283 0.996732
16.54 -1.91687 3.32704 0.616352 1.23773 -0.739283 0.996732
16.56 -1.89694 3.34147 0.636286 1.22294 -0.739283 0.996732
16.58 -1.87753 3.3561 0.656221 1.20816 -0.739283 0.996732
16.6 -1.85865 3.37095 0.676156 1.19337 -0.739283 0.996732
16.62 -1.84029 3.38597 0.69609 1.17858 -0.739283 0.996732
16.64 -1.82247 3.40117 0.716025 1.1638 -0.739283 0.996732
16.66 -1.80517 3.41652 0.73596 1.14901 -0.739283 0.996732
16.68 -1.78841 3.43202 0.755894 1.13423 -0.739283 0.996732
16.7 -1.77216 3.44764 0.775829 1.11944 -0.739283 0.996732
16.72 -1.75644 3.46337 0.795764 1.10466 -0.739283 0.996732
16.74 -1.74124 3.4792 0.815698 1.08987 -0.739283 0.996732
16.76 -1.72656 3.49511 0.835633 1.07508 -0.739283 0.996732
16.78 -1.7124 3.51109 0.855568 1.0603 -0.739283 0.996732
16.8 -1.69875 3.52713 0.875502 1.04551 -0.739283 0.996732
16.82 -1.68571 3.54302 0.892754 1.01031 -1.76008 0.862586
16.84 -1.67339 3.55859 0.910006 0.97511 -1.76008 0.862586
16.86 -1.66177 3.57381 0.927257 0.939909 -1.76008 0.862586
16.88 -1.65083 3.58866 0.944509 0.904707 -1.76008 0.862586
16.9 -1.64055 3.60313 0.961761 0.869506 -1.76008 0.862586
16.92 -1.63093 3.61718 0.979012 0.834304 -1.76008 0.862586
16.94 -1.62193 3.63082 0.996264 0.799102 -1.76008 0.862586
16.96 -1.61355 3.64401 1.01352 0.763901 -1.76008 0.862586
16.98 -1.60558 3.65684 1.01634 0.745945 -0.8978 0.141267
17 -1.59739 3.66964 0.98764 0.774368 1.42117 -1.43507
17.02 -1.58852 3.68268 0.958938 0.802792 1.42117 -1.43507
17.04 -1.57894 3.69592 0.930237 0.831215 1.42117 -1.43507
17.06 -1.56864 3.70933 0.901535 0.859638 1.42117 -1.43507
17.08 -1.5576 3.72288 0.872834 0.888062 1.42117 -1.43507
17.1 -1.54581 3.73653 0.844132 0.916485 1.42117 -1.43507
17.12 -1.53324 3.75027 0.815431 0.944908 1.42117 -1.43507
17.14 -1.51989 3.76404 0.786729 0.973332 1.42117 -1.43507
17.16 -1.50574 3.77782 0.758028 1.00175 1.42117 -1.43507
17.18 -1.49079 3.79157 0.729326 1.03018 1.42117 -1.43507
17.2 -1.47502 3.80527 0.700625 1.0586 1.42117 -1.43507
17.22 -1.45842 3.81886 0.671924 1.08703 1.42117 -1.43507
17.24 -1.44098 3.83232 0.643222 1.11545 1.42117 -1.43507
17.26 -1.42271 3.84561 0.614521 1.14387 1.42117 -1.43507
17.28 -1.4036 3.85869 0.585819 1.1723 1.42117 -1.43507
17.3 -1.38364 3.87152 0.557118 1.20072 1.42117 -1.43507
17.32 -1.36283 3.88407 0.528416 1.22914 1.42117 -1.43507
17.34 -1.34118 3.8963 0.499715 1.25757 1.42117 -1.43507
17.36 -1.31868 3.90816 0.471013 1.28599 1.42117 -1.43507
17.38 -1.29534 3.91963 0.442312 1.31441 1.42117 -1.43507
17.4 -1.27117 3.93065 0.41361 1.34284 1.42117 -1.43507
17.42 -1.24616 3.9412 0.384909 1.37126 1.42117 -1.43507
17.44 -1.22033 3.95124 0.356207 1.39968 1.42117 -1.43507
17.46 -1.19369 3.96071 0.327506 1.42811 1.42117 -1.43507
17.48 -1.16625 3.9696 0.298804 1.45653 1.42117 -1.43507
17.5 -1.13802 3.97785 0.270103 1.48495 1.42117 -1.43507
17.52 -1.10901 3.98544 0.241401 1.51338 1.42117 -1.43507
17.54 -1.07924 3.99231 0.2127 1.5418 1.42117 -1.43507
17.56 -1.04873 3.99844 0.183999 1.57022 1.42117 -1.43507
17.58 -1.0175 4.00379 0.155297 1.59865 1.42117 -1.43507
17.6 -0.985565 4.00832 0.126596 1.62707 1.42117 -1.43507
17.62 -0.952947 4.012 0.0978941 1.65549 1.42117 -1.43507
17.64 -0.91967 4.01478 0.0691926 1.68392 1.42117 -1.43507
17.66 -0.88576 4.01664 0.0404911 1.71234 1.42117 -1.43507
17.68 -0.851242 4.01754 0.0117897 1.74076 1.42117 -1.43507
17.7 -0.816144 4.01745 -0.0169118 1.76919 1.42117 -1.43507
17.72 -0.780494 4.01634 -0.0456133 1.79761 1.42117 -1.43507
17.74 -0.744325 4.01416 -0.0743147 1.82603 1.42117 -1.43507
17.76 -0.707666 4.0109 -0.103016 1.85446 1.42117 -1.43507
17.78 -0.670551 4.00652 -0.131718 1.88288 1.42117 -1.43507
17.8 -0.633015 4.001 -0.160419 1.9113 1.42117 -1.43507
17.82 -0.595163 3.99538 -0.134416 1.91546 0.207838 1.30013
17.84 -0.557096 3.99074 -0.108414 1.91962 0.207838 1.30013
17.86 -0.518838 3.98707 -0.0824111 1.92377 0.207838 1.30013
17.88 -0.480414 3.9844 -0.0564084 1.92793 0.207838 1.30013
17.9 -0.441852 3.98273 -0.0304057 1.93209 0.207838 1.30013
17.92 -0.403175 3.98206 -0.00440302 1.93624 0.207838 1.30013
17.94 -0.364412 3.98239 0.0215997 1.9404 0.207838 1.30013
17.96 -0.325586 3.98373 0.0476024 1.94456 0.207838 1.30013
17.98 -0.286726 3.98609 0.0736051 1.94871 0.207838 1.30013
18 -0.247858 3.98947 0.0996077 1.95287 0.207838 1.30013
18.02 -0.209008 3.99386 0.12561 1.95703 0.207838 1.30013
18.04 -0.170202 3.99927 0.151613 1.96118 0.207838 1.30013
18.06 -0.131469 4.00571 0.177616 1.96534 0.207838 1.30013
18.08 -0.0928345 4.01316 0.203619 1.9695 0.207838 1.30013
18.1 -0.0543257 4.02164 0.229621 1.97365 0.207838 1.30013
18.12 -0.0539398 4.02135 0.211216 2.00519 1.78462 0.379884
18.14 -0.0144533 4.02921 0.181986 2.02115 0.798148 -1.46152
18.16 0.025561 4.03597 0.152755 2.03711 0.798148 -1.46152
18.18 0.066072 4.0416 0.123525 2.05308 0.798148 -1.46152
18.2 0.107048 4.04608 0.0942946 2.06904 0.798148 -1.46152
18.22 0.148455 4.04939 0.0650642 2.085 0.798148 -1.46152
18.24 0.19026 4.0515 0.0358339 2.10097 0.798148 -1.46152
18.26 0.232428 4.05239 0.00660347 2.11693 0.798148 -1.46152
18.28 0.274923 4.05205 -0.0226269 2.13289 0.798148 -1.46152
18.3 0.317709 4.05046 -0.0518573 2.14886 0.798148 -1.46152
18.32 0.360749 4.04759 -0.0810877 2.16482 0.798148 -1.46152
18.34 0.404005 4.04344 -0.110318 2.18078 0.798148 -1.46152
18.36 0.447063 4.03893 -0.0981666 2.14858 -1.60994 0.607572
18.38 0.489532 4.03501 -0.0860152 2.11638 -1.60994 0.607572
18.4 0.531403 4.03165 -0.0738638 2.08418 -1.60994 0.607572
18.42 0.572669 4.02885 -0.0617123 2.05199 -1.60994 0.607572
18.44 0.613324 4.02659 -0.0495609 2.01979 -1.60994 0.607572
18.46 0.653359 4.02484 -0.0374095 1.98759 -1.60994 0.607572
18.48 0.69277 4.02361 -0.025258 1.95539 -1.60994 0.607572
18.5 0.731548 4.02286 -0.0131066 1.92319 -1.60994 0.607572
18.52 0.769689 4.0226 -0.000955184 1.89099 -1.60994 0.607572
18.54 0.807186 4.02279 0.0111962 1.85879 -1.60994 0.607572
18.56 0.844034 4.02342 0.0233477 1.82659 -1.60994 0.607572
18.58 0.880228 4.02449 0.0354991 1.79439 -1.60994 0.607572
18.6 0.915763 4.02596 0.0476505 1.7622 -1.60994 0.607572
18.62 0.950634 4.02784 0.059802 1.73 -1.60994 0.607572
18.64 0.984838 4.0301 0.0719534 1.6978 -1.60994 0.607572
18.66 1.01837 4.03272 0.0841048 1.6656 -1.60994 0.607572
18.68 1.05122 4.03569 0.0962563 1.6334 -1.60994 0.607572
18.7 1.0834 4.03899 0.108408 1.6012 -1.60994 0.607572
18.72 1.1149 4.04261 0.120559 1.569 -1.60994 0.607572
18.74 1.14571 4.04653 0.132711 1.5368 -1.60994 0.607572
18.76 1.17583 4.05074 0.144862 1.5046 -1.60994 0.607572
18.78 1.20526 4.05522 0.157013 1.47241 -1.60994 0.607572
18.8 1.234 4.05994 0.169165 1.44021 -1.60994 0.607572
18.82 1.26204 4.06491 0.181316 1.40801 -1.60994 0.607572
18.84 1.28939 4.07009 0.193468 1.37581 -1.60994 0.607572
18.86 1.31605 4.07548 0.205619 1.34361 -1.60994 0.607572
18.88 1.34201 4.08106 0.217771 1.31141 -1.60994 0.607572
18.9 1.36727 4.08681 0.229922 1.27921 -1.60994 0.607572
18.92 1.39183 4.09272 0.242073 1.24701 -1.60994 0.607572
18.94 1.41569 4.09876 0.254225 1.21481 -1.60994 0.607572
18.96 1.43882 4.10507 0.278404 1.18201 -1.64016 1.20893
18.98 1.46115 4.11175 0.302582 1.14921 -1.64016 1.20893
19 1.48269 4.11876 0.326761 1.11641 -1.64016 1.20893
19.02 1.50344 4.12607 0.35094 1.0836 -1.64016 1.20893
19.04 1.5234 4.13365 0.375118 1.0508 -1.64016 1.20893
19.06 1.54255 4.14146 0.399297 1.018 -1.64016 1.20893
19.08 1.56091 4.14947 0.423476 0.985192 -1.64016 1.20893
19.1 1.57848 4.15764 0.447654 0.952389 -1.64016 1.20893
19.12 1.59526 4.16594 0.471833 0.919586 -1.64016 1.20893
19.14 1.61125 4.17435 0.496012 0.886782 -1.64016 1.20893
19.16 1.62646 4.18282 0.52019 0.853979 -1.64016 1.20893
19.18 1.64089 4.19132 0.544369 0.821176 -1.64016 1.20893
19.2 1.65456 4.19982 0.568548 0.788372 -1.64016 1.20893
19.22 1.66747 4.20828 0.592727 0.755569 -1.64016 1.20893
19.24 1.67963 4.21669 0.616905 0.722766 -1.64016 1.20893
19.26 1.69105 4.225 0.641084 0.689963 -1.64016 1.20893
19.28 1.70175 4.23318 0.665263 0.657159 -1.64016 1.20893
19.3 1.71233 4.24126 0.638952 0.673897 0.836861 -1.31552
19.32 1.72339 4.24925 0.612642 0.690634 0.836861 -1.31552
19.34 1.73493 4.25714 0.586331 0.707371 0.836861 -1.31552
19.36 1.74696 4.2649 0.560021 0.724108 0.836861 -1.31552
19.38 1.75947 4.27252 0.533711 0.740846 0.836861 -1.31552
19.4 1.77247 4.27997 0.5074 0.757583 0.836861 -1.31552
19.42 1.78596 4.28724 0.48109 0.77432 0.836861 -1.31552
19.44 1.79993 4.2943 0.45478 0.791057 0.836861 -1.31552
19.46 1.81438 4.30113 0.428469 0.807794 0.836861 -1.31552
19.48 1.82932 4.30771 0.402159 0.824532 0.836861 -1.31552
19.5 1.84473 4.31403 0.375848 0.841269 0.836861 -1.31552
19.52 1.86062 4.32006 0.349538 0.858006 0.836861 -1.31552
19.54 1.87698 4.32578 0.323228 0.874743 0.836861 -1.31552
19.56 1.89379 4.33117 0.296917 0.891481 0.836861 -1.31552
19.58 1.91107 4.3362 0.270607 0.908218 0.836861 -1.31552
19.6 1.9288 4.34087 0.244296 0.924955 0.836861 -1.31552
19.62 1.94697 4.34515 0.217986 0.941692 0.836861 -1.31552
19.64 1.96557 4.34901 0.191676 0.958429 0.836861 -1.31552
19.66 1.9846 4.35244 0.165365 0.975167 0.836861 -1.31552
19.68 2.00404 4.35542 0.139055 0.991904 0.836861 -1.31552
19.7 2.02389 4.35794 0.112745 1.00864 0.836861 -1.31552
19.72 2.04413 4.35996 0.0864342 1.02538 0.836861 -1.31552
19.74 2.06475 4.36147 0.0601238 1.04212 0.836861 -1.31552
19.76 2.08573 4.36246 0.0338134 1.05885 0.836861 -1.31552
19.78 2.10707 4.3629 0.00750303 1.07559 0.836861 -1.31552
19.8 2.12875 4.36277 -0.0188074 1.09233 0.836861 -1.31552
19.82 2.15075 4.36207 -0.0451177 1.10906 0.836861 -1.31552
19.84 2.17306 4.36077 -0.0714281 1.1258 0.836861 -1.31552
19.86 2.19566 4.35885 -0.0977385 1.14254 0.836861 -1.31552
19.88 2.21854 4.3563 -0.124049 1.15928 0.836861 -1.31552
19.9 2.24167 4.35311 -0.150359 1.17601 0.836861 -1.31552
19.92 2.26504 4.34925 -0.17667 1.19275 0.836861 -1.31552
19.94 2.28863 4.34472 -0.20298 1.20949 0.836861 -1.31552
19.96 2.31242 4.33949 -0.22929 1.22622 0.836861 -1.31552
19.98 2.33639 4.33356 -0.255601 1.24296 0.836861 -1.31552
20 2.36052 4.32692 -0.281911 1.2597 0.836861 -1.31552
20.02 2.38478 4.31954 -0.308222 1.27644 0.836861 -1.31552
20.04 2.40916 4.31143 -0.334532 1.29317 0.836861 -1.31552
20.06 2.43364 4.30256 -0.360842 1.30991 0.836861 -1.31552
20.08 2.45818 4.29292 -0.387153 1.32665 0.836861 -1.31552
20.1 2.45817 4.29335 -0.357536 1.31024 0.0164307 0.165294
20.12 2.48273 4.28421 -0.354231 1.31057 0.0164307 0.165294
20.14 2.50733 4.27516 -0.350925 1.3109 0.0164307 0.165294
20.16 2.53197 4.26619 -0.347619 1.31123 0.0164307 0.165294
20.18 2.55665 4.25729 -0.344313 1.31155 0.0164307 0.165294
20.2 2.58135 4.24848 -0.341007 1.31188 0.0164307 0.165294
20.22 2.6061 4.23974 -0.337701 1.31221 0.0164307 0.165294
20.24 2.63088 4.23109 -0.334395 1.31254 0.0164307 0.165294
20.26 2.65569 4.22251 -0.331089 1.31287 0.0164307 0.165294
20.28 2.68054 4.21402 -0.327784 1.3132 0.0164307 0.165294
20.3 2.70542 4.2056 -0.324478 1.31353 0.0164307 0.165294
20.32 2.73034 4.19727 -0.321172 1.31385 0.0164307 0.165294
20.34 2.75529 4.18901 -0.317866 1.31418 0.0164307 0.165294
20.36 2.78027 4.18084 -0.31456 1.31451 0.0164307 0.165294
20.38 2.80529 4.17274 -0.311254 1.31484 0.0164307 0.165294
20.4 2.83034 4.16473 -0.307948 1.31517 0.0164307 0.165294
20.42 2.85542 4.1568 -0.304642 1.3155 0.0164307 0.165294
20.44 2.88054 4.14895 -0.301336 1.31583 0.0164307 0.165294
20.46 2.90568 4.14118 -0.298031 1.31615 0.0164307 0.165294
20.48 2.93086 4.13349 -0.294725 1.31648 0.0164307 0.165294
20.5 2.95607 4.12588 -0.291419 1.31681 0.0164307 0.165294
20.52 2.98131 4.11836 -0.288113 1.31714 0.0164307 0.165294
20.54 3.00659 4.11091 -0.284807 1.31747 0.0164307 0.165294
20.56 3.03189 4.10355 -0.281501 1.3178 0.0164307 0.165294
20.58 3.05722 4.09627 -0.278195 1.31813 0.0164307 0.165294
20.6 3.08259 4.08907 -0.274889 1.31845 0.0164307 0.165294
20.62 3.10798 4.08195 -0.271584 1.31878 0.0164307 0.165294
20.64 3.13341 4.07492 -0.268278 1.31911 0.0164307 0.165294
20.66 3.15886 4.06797 -0.264972 1.31944 0.0164307 0.165294
20.68 3.18434 4.0611 -0.261666 1.31977 0.0164307 0.165294
20.7 3.20985 4.05431 -0.25836 1.3201 0.0164307 0.165294
20.72 3.23539 4.04761 -0.255054 1.32043 0.0164307 0.165294
20.74 3.26096 4.04098 -0.251748 1.32076 0.0164307 0.165294
20.76 3.28656 4.03445 -0.248442 1.32108 0.0164307 0.165294
20.78 3.31218 4.02799 -0.245136 1.32141 0.0164307 0.165294
20.8 3.33783 4.02162 -0.241831 1.32174 0.0164307 0.165294
20.82 3.36351 4.01533 -0.238525 1.32207 0.0164307 0.165294
20.84 3.38922 4.00912 -0.235219 1.3224 0.0164307 0.165294
20.86 3.41495 4.003 -0.231913 1.32273 0.0164307 0.165294
20.88 3.44071 3.99696 -0.228607 1.32306 0.0164307 0.165294
20.9 3.4665 3.99101 -0.225301 1.32338 0.0164307 0.165294
20.92 3.49231 3.98514 -0.221995 1.32371 0.0164307 0.165294
20.94 3.51815 3.97935 -0.218689 1.32404 0.0164307 0.165294
20.96 3.54401 3.97365 -0.215384 1.32437 0.0164307 0.165294
20.98 3.56959 3.9679 -0.226384 1.29707 -1.36501 -0.550044
21 3.59457 3.96201 -0.237385 1.26977 -1.36501 -0.550044
21.02 3.61895 3.95596 -0.248386 1.24247 -1.36501 -0.550044
21.04 3.64274 3.94979 -0.259387 1.21517 -1.36501 -0.550044
21.06 3.66593 3.9435 -0.270388 1.18787 -1.36501 -0.550044
21.08 3.68853 3.93711 -0.281389 1.16057 -1.36501 -0.550044
21.1 3.71053 3.93061 -0.29239 1.13327 -1.36501 -0.550044
21.12 3.73194 3.92404 -0.303391 1.10597 -1.36501 -0.550044
21.14 3.75275 3.9174 -0.314392 1.07867 -1.36501 -0.550044
21.16 3.77297 3.9107 -0.325392 1.05137 -1.36501 -0.550044
21.18 3.7926 3.90396 -0.336393 1.02407 -1.36501 -0.550044
21.2 3.81164 3.89719 -0.347394 0.996768 -1.36501 -0.550044
21.22 3.83009 3.89039 -0.358395 0.969468 -1.36501 -0.550044
21.24 3.84815 3.88362 -0.358715 0.959396 -0.50363 -0.0160009
21.26 3.86602 3.87692 -0.359035 0.949323 -0.50363 -0.0160009
21.28 3.8837 3.87028 -0.359355 0.93925 -0.50363 -0.0160009
21.3 3.90119 3.86371 -0.359675 0.929178 -0.50363 -0.0160009
21.32 3.91849 3.8572 -0.359995 0.919105 -0.50363 -0.0160009
21.34 3.9356 3.85076 -0.360315 0.909033 -0.50363 -0.0160009
21.36 3.95252 3.84438 -0.360635 0.89896 -0.50363 -0.0160009
21.38 3.96924 3.83807 -0.360955 0.888887 -0.50363 -0.0160009
21.4 3.98578 3.83182 -0.361275 0.878815 -0.50363 -0.0160009
21.42 4.00213 3.82564 -0.361595 0.868742 -0.50363 -0.0160009
21.44 4.01828 3.81953 -0.361915 0.85867 -0.50363 -0.0160009
21.46 4.03425 3.81348 -0.362235 0.848597 -0.50363 -0.0160009
21.48 4.05002 3.8075 -0.362555 0.838525 -0.50363 -0.0160009
21.5 4.06561 3.80159 -0.362875 0.828452 -0.50363 -0.0160009
21.52 4.081 3.79574 -0.363195 0.818379 -0.50363 -0.0160009
21.54 4.09621 3.78996 -0.363515 0.808307 -0.50363 -0.0160009
21.56 4.11122 3.78424 -0.363835 0.798234 -0.50363 -0.0160009
21.58 4.12605 3.77859 -0.364155 0.788162 -0.50363 -0.0160009
21.6 4.14068 3.77301 -0.364475 0.778089 -0.50363 -0.0160009
21.62 4.15513 3.7675 -0.364795 0.768016 -0.50363 -0.0160009
21.64 4.16938 3.76205 -0.365115 0.757944 -0.50363 -0.0160009
21.66 4.18345 3.75667 -0.365435 0.747871 -0.50363 -0.0160009
21.68 4.19732 3.75136 -0.365755 0.737799 -0.50363 -0.0160009
21.7 4.21101 3.74612 -0.366075 0.727726 -0.50363 -0.0160009
21.72 4.2245 3.74094 -0.366396 0.717653 -0.50363 -0.0160009
21.74 4.23781 3.73584 -0.366716 0.707581 -0.50363 -0.0160009
21.76 4.25092 3.7308 -0.367036 0.697508 -0.50363 -0.0160009
21.78 4.26385 3.72582 -0.367356 0.687436 -0.50363 -0.0160009
21.8 4.27659 3.72092 -0.367676 0.677363 -0.50363 -0.0160009
21.82 4.28913 3.71608 -0.367996 0.66729 -0.50363 -0.0160009
21.84 4.30175 3.71108 -0.386992 0.690365 1.15372 -0.949833
21.86 4.3147 3.70566 -0.405989 0.713439 1.15372 -0.949833
21.88 4.32797 3.6998 -0.424986 0.736513 1.15372 -0.949833
21.9 4.34162 3.69381 -0.401971 0.754843 0.916489 1.15074
21.92 4.35575 3.688 -0.378956 0.773173 0.916489 1.15074
21.94 4.37036 3.68238 -0.355941 0.791503 0.916489 1.15074
21.96 4.38543 3.67697 -0.332926 0.809833 0.916489 1.15074
21.98 4.40097 3.6718 -0.309911 0.828162 0.916489 1.15074
22 4.41698 3.66688 -0.286897 0.846492 0.916489 1.15074
22.02 4.43344 3.66222 -0.263882 0.864822 0.916489 1.15074
22.04 4.45037 3.65786 -0.240867 0.883152 0.916489 1.15074
22.06 4.46775 3.6538 -0.217852 0.901481 0.916489 1.15074
22.08 4.48558 3.65007 -0.194837 0.919811 0.916489 1.15074
22.1 4.50384 3.64668 -0.171822 0.938141 0.916489 1.15074
22.12 4.52255 3.64366 -0.148808 0.956471 0.916489 1.15074
22.14 4.54168 3.64102 -0.125793 0.974801 0.916489 1.15074
22.16 4.56123 3.63878 -0.102778 0.99313 0.916489 1.15074
22.18 4.58119 3.63695 -0.0797632 1.01146 0.916489 1.15074
22.2 4.60155 3.63556 -0.0567483 1.02979 0.916489 1.15074
22.22 4.62231 3.63462 -0.0337335 1.04812 0.916489 1.15074
22.24 4.64345 3.63415 -0.0107187 1.06645 0.916489 1.15074
22.26 4.66496 3.63417 0.0122962 1.08478 0.916489 1.15074
22.28 4.68684 3.63469 0.035311 1.10311 0.916489 1.15074
22.3 4.70906 3.63573 0.0583258 1.12144 0.916489 1.15074
22.32 4.73161 3.63731 0.0813406 1.13977 0.916489 1.15074
22.34 4.75449 3.63944 0.104355 1.1581 0.916489 1.15074
22.36 4.77768 3.64214 0.12737 1.17643 0.916489 1.15074
22.38 4.80116 3.64542 0.150385 1.19476 0.916489 1.15074
22.4 4.82493 3.6493 0.1734 1.21309 0.916489 1.15074
22.42 4.84895 3.6538 0.196415 1.23142 0.916489 1.15074
22.44 4.87323 3.65892 0.21943 1.24975 0.916489 1.15074
22.46 4.89774 3.66468 0.242444 1.26808 0.916489 1.15074
22.48 4.92246 3.6711 0.265459 1.28641 0.916489 1.15074
22.5 4.94739 3.67819 0.288474 1.30474 0.916489 1.15074
22.52 4.97249 3.68595 0.311489 1.32307 0.916489 1.15074
22.54 4.99776 3.69441 0.334504 1.3414 0.916489 1.15074
22.56 5.02317 3.70357 0.357519 1.35973 0.916489 1.15074
22.58 5.0487 3.71345 0.380533 1.37806 0.916489 1.15074
22.6 5.07434 3.72405 0.403548 1.39639 0.916489 1.15074
22.62 5.10012 3.73463 0.375351 1.39088 -0.275318 -1.40985
22.64 5.12609 3.74445 0.347154 1.38537 -0.275318 -1.40985
22.66 5.15223 3.75349 0.318958 1.37987 -0.275318 -1.40985
22.68 5.1785 3.76175 0.290761 1.37436 -0.275318 -1.40985
22.7 5.20488 3.76925 0.262564 1.36885 -0.275318 -1.40985
22.72 5.23137 3.77596 0.234367 1.36335 -0.275318 -1.40985
22.74 5.25813 3.78209 0.215529 1.38242 0.953636 -0.94187
22.76 5.28519 3.7879 0.207909 1.38469 0.113513 -0.381008
22.78 5.31233 3.79352 0.200289 1.38696 0.113513 -0.381008
22.8 5.33955 3.79894 0.192669 1.38923 0.113513 -0.381008
22.82 5.36687 3.80416 0.185049 1.3915 0.113513 -0.381008
22.84 5.39426 3.80918 0.177429 1.39377 0.113513 -0.381008
22.86 5.42174 3.814 0.169808 1.39604 0.113513 -0.381008
22.88 5.4493 3.81862 0.162188 1.39831 0.113513 -0.381008
22.9 5.47694 3.82303 0.154568 1.40058 0.113513 -0.381008
22.92 5.50457 3.82767 0.177862 1.40152 0.046988 1.16471
22.94 5.53211 3.83295 0.201157 1.40246 0.046988 1.16471
22.96 5.55954 3.83888 0.224451 1.4034 0.046988 1.16471
22.98 5.58683 3.84544 0.247745 1.40434 0.046988 1.16471
23 5.61399 3.85265 0.271039 1.40528 0.046988 1.16471
23.02 5.64099 3.86049 0.294334 1.40622 0.046988 1.16471
23.04 5.66782 3.86897 0.317628 1.40716 0.046988 1.16471
23.06 5.69445 3.87807 0.340922 1.4081 0.046988 1.16471
23.08 5.69405 3.878 0.345879 1.36777 -1.96941 1.41256
23.1 5.71928 3.8875 0.37413 1.32838 -1.96941 1.41256
23.12 5.74351 3.89741 0.402382 1.289 -1.96941 1.41256
23.14 5.76673 3.90767 0.430633 1.24961 -1.96941 1.41256
23.16 5.78893 3.91825 0.458884 1.21022 -1.96941 1.41256
23.18 5.81013 3.9291 0.487135 1.17083 -1.96941 1.41256
23.2 5.83032 3.94016 0.515386 1.13144 -1.96941 1.41256
23.22 5.84951 3.95139 0.543638 1.09206 -1.96941 1.41256
23.24 5.8677 3.96274 0.571889 1.05267 -1.96941 1.41256
23.26 5.88492 3.97416 0.60014 1.01328 -1.96941 1.41256
23.28 5.90116 3.98562 0.628391 0.973891 -1.96941 1.41256
23.3 5.91644 3.99705 0.656642 0.934503 -1.96941 1.41256
23.32 5.93077 4.00842 0.684894 0.895115 -1.96941 1.41256
23.34 5.94417 4.01968 0.713145 0.855727 -1.96941 1.41256
23.36 5.95666 4.0308 0.741396 0.816339 -1.96941 1.41256
23.38 5.95666 4.0308 0.741396 0.816339 -1.96941 1.41256
23.4 5.96826 4.04172 0.769647 0.776951 -1.96941 1.41256
23.42 5.97899 4.05241 0.797898 0.737563 -1.96941 1.41256
23.44 5.98887 4.06283 0.82615 0.698174 -1.96941 1.41256
23.46 5.99792 4.07293 0.854401 0.658786 -1.96941 1.41256
23.48 6.00618 4.08269 0.882652 0.619398 -1.96941 1.41256
23.5 6.01367 4.09206 0.910903 0.58001 -1.96941 1.41256
23.52 6.02041 4.10101 0.939154 0.540622 -1.96941 1.41256
23.54 6.0211 4.10147 0.893189 0.619131 1.95603 -0.88571
23.56 6.0292 4.11135 0.875475 0.658251 1.95603 -0.88571
23.58 6.03798 4.12168 0.857761 0.697372 1.95603 -0.88571
23.6 6.04745 4.13244 0.840046 0.736492 1.95603 -0.88571
23.62 6.05765 4.14361 0.822332 0.775613 1.95603 -0.88571
23.64 6.06857 4.15516 0.804618 0.814733 1.95603 -0.88571
23.66 6.08025 4.16708 0.786904 0.853854 1.95603 -0.88571
23.68 6.09269 4.17934 0.76919 0.892975 1.95603 -0.88571
23.7 6.10592 4.19192 0.751475 0.932095 1.95603 -0.88571
23.72 6.11994 4.20479 0.733761 0.971216 1.95603 -0.88571
23.74 6.13477 4.21793 0.716047 1.01034 1.95603 -0.88571
23.76 6.15043 4.23131 0.698333 1.04946 1.95603 -0.88571
23.78 6.16662 4.24452 0.670805 1.04001 -0.472123 -1.3764
23.8 6.18301 4.25717 0.643277 1.03057 -0.472123 -1.3764
23.82 6.1996 4.26925 0.615749 1.02113 -0.472123 -1.3764
23.84 6.21635 4.28076 0.588221 1.01169 -0.472123 -1.3764
23.86 6.23326 4.2917 0.560693 1.00224 -0.472123 -1.3764
23.88 6.2503 4.30208 0.533165 0.992802 -0.472123 -1.3764
23.9 6.26745 4.31189 0.505637 0.983359 -0.472123 -1.3764
23.92 6.2847 4.32113 0.478108 0.973917 -0.472123 -1.3764
23.94 6.30203 4.32981 0.45058 0.964474 -0.472123 -1.3764
23.96 6.31942 4.33793 0.423052 0.955032 -0.472123 -1.3764
23.98 6.33686 4.3455 0.395524 0.94559 -0.472123 -1.3764
24 6.35432 4.35251 0.367996 0.936147 -0.472123 -1.3764
24.02 6.37179 4.35897 0.340468 0.926705 -0.472123 -1.3764
24.04 6.38926 4.36489 0.31294 0.917262 -0.472123 -1.3764
24.06 6.4067 4.37027 0.285412 0.90782 -0.472123 -1.3764
24.08 6.4241 4.37511 0.257884 0.898377 -0.472123 -1.3764
24.1 6.44144 4.37943 0.230356 0.888935 -0.472123 -1.3764
24.12 6.45871 4.38323 0.202828 0.879492 -0.472123 -1.3764
24.14 6.47589 4.38652 0.1753 0.87005 -0.472123 -1.3764
24.16 6.49297 4.38931 0.147772 0.860607 -0.472123 -1.3764
24.18 6.50994 4.39159 0.120244 0.851165 -0.472123 -1.3764
24.2 6.52677 4.39339 0.092716 0.841722 -0.472123 -1.3764
24.22 6.54346 4.39471 0.065188 0.83228 -0.472123 -1.3764
24.24 6.55998 4.39556 0.0376599 0.822838 -0.472123 -1.3764
24.26 6.57634 4.39596 0.0101319 0.813395 -0.472123 -1.3764
24.28 6.59251 4.3959 -0.0173961 0.803953 -0.472123 -1.3764
24.3 6.60849 4.3954 -0.0449242 0.79451 -0.472123 -1.3764
24.32 6.62426 4.39447 -0.0724522 0.785068 -0.472123 -1.3764
24.34 6.63981 4.39313 -0.0999802 0.775625 -0.472123 -1.3764
24.36 6.65513 4.39138 -0.127508 0.766183 -0.472123 -1.3764
24.38 6.6702 4.38924 -0.155036 0.75674 -0.472123 -1.3764
24.4 6.68553 4.38676 -0.166042 0.795673 1.94662 -0.550285
24.42 6.70159 4.38397 -0.177048 0.834605 1.94662 -0.550285
24.44 6.71839 4.38087 -0.188053 0.873538 1.94662 -0.550285
24.46 6.73591 4.37743 -0.199059 0.91247 1.94662 -0.550285
24.48 6.75416 4.37365 -0.210065 0.951402 1.94662 -0.550285
24.5 6.77313 4.36949 -0.221071 0.990335 1.94662 -0.550285
24.52 6.79281 4.36496 -0.232076 1.02927 1.94662 -0.550285
24.54 6.8132 4.36002 -0.243082 1.0682 1.94662 -0.550285
24.56 6.8336 4.35499 -0.239913 1.03293 -1.76339 0.158451
24.58 6.85333 4.3502 -0.236744 0.997664 -1.76339 0.158451
24.6 6.87239 4.34563 -0.233575 0.962396 -1.76339 0.158451
24.62 6.89078 4.34129 -0.230406 0.927128 -1.76339 0.158451
24.64 6.9085 4.33716 -0.227237 0.891861 -1.76339 0.158451
24.66 6.92554 4.33325 -0.224068 0.856593 -1.76339 0.158451
24.68 6.9419 4.32955 -0.220899 0.821325 -1.76339 0.158451
24.7 6.95759 4.32605 -0.21773 0.786057 -1.76339 0.158451
24.72 6.9726 4.32275 -0.214561 0.750789 -1.76339 0.158451
24.74 6.98693 4.31965 -0.211392 0.715521 -1.76339 0.158451
24.76 7.00059 4.31675 -0.208223 0.680253 -1.76339 0.158451
24.78 7.01356 4.31403 -0.205054 0.644986 -1.76339 0.158451
24.8 7.02584 4.31149 -0.201885 0.609718 -1.76339 0.158451
24.82 7.03745 4.30914 -0.198716 0.57445 -1.76339 0.158451
24.84 7.04837 4.30695 -0.195547 0.539182 -1.76339 0.158451
24.86 7.0586 4.30494 -0.192378 0.503914 -1.76339 0.158451
24.88 7.06815 4.3031 -0.189209 0.468646 -1.76339 0.158451
24.9 7.07702 4.30142 -0.18604 0.433379 -1.76339 0.158451
24.92 7.08519 4.29989 -0.182871 0.398111 -1.76339 0.158451
24.94 7.09267 4.29852 -0.179702 0.362843 -1.76339 0.158451
24.96 7.09947 4.2973 -0.176533 0.327575 -1.76339 0.158451
24.98 7.10557 4.29622 -0.173364 0.292307 -1.76339 0.158451
25 7.11099 4.29528 -0.170195 0.257039 -1.76339 0.158451
25.02 7.11571 4.29447 -0.167026 0.221771 -1.76339 0.158451
25.04 7.11973 4.2938 -0.163857 0.186504 -1.76339 0.158451
25.06 7.12307 4.29326 -0.160688 0.151236 -1.76339 0.158451
25.08 7.1257 4.29283 -0.157519 0.115968 -1.76339 0.158451
25.1 7.12802 4.29248 -0.14663 0.118 0.101619 0.544425
25.12 7.13037 4.29214 -0.135742 0.120033 0.101619 0.544425
25.14 7.13277 4.29183 -0.124853 0.122065 0.101619 0.544425
25.16 7.13522 4.29153 -0.113964 0.124097 0.101619 0.544425
25.18 7.13771 4.29126 -0.103076 0.12613 0.101619 0.544425
25.2 7.14024 4.29102 -0.0921875 0.128162 0.101619 0.544425
25.22 7.14281 4.29079 -0.081299 0.130195 0.101619 0.544425
25.24 7.14543 4.29059 -0.0704105 0.132227 0.101619 0.544425
25.26 7.14809 4.29042 -0.0595219 0.134259 0.101619 0.544425
25.28 7.15079 4.29027 -0.0486334 0.136292 0.101619 0.544425
25.3 7.15353 4.29016 -0.0377449 0.138324 0.101619 0.544425
25.32 7.15632 4.29007 -0.0268564 0.140356 0.101619 0.544425
25.34 7.15914 4.29001 -0.0159679 0.142389 0.101619 0.544425
25.36 7.16201 4.28997 -0.0050794 0.144421 0.101619 0.544425
25.38 7.16492 4.28998 0.00580911 0.146454 0.101619 0.544425
25.4 7.16787 4.29001 0.0166976 0.148486 0.101619 0.544425
25.42 7.17054 4.29009 0.0422154 0.119059 -1.47134 1.27589
25.44 7.17263 4.2902 0.0677332 0.0896323 -1.47134 1.27589
25.46 7.17412 4.29032 0.0932509 0.0602054 -1.47134 1.27589
25.48 7.17503 4.29041 0.118769 0.0307786 -1.47134 1.27589
25.5 7.17534 4.29046 0.144286 0.00135177 -1.47134 1.27589
25.52 7.17508 4.29041 0.169804 -0.0280751 -1.47134 1.27589
25.54 7.17424 4.29026 0.195322 -0.0575019 -1.47134 1.27589
25.56 7.17283 4.28996 0.22084 -0.0869288 -1.47134 1.27589
25.58 7.17085 4.28948 0.246358 -0.116356 -1.47134 1.27589
25.6 7.16832 4.28881 0.271875 -0.145782 -1.47134 1.27589
25.62 7.16524 4.28791 0.297393 -0.175209 -1.47134 1.27589
25.64 7.16162 4.28675 0.322911 -0.204636 -1.47134 1.27589
25.66 7.15748 4.2853 0.348429 -0.234063 -1.47134 1.27589
25.68 7.15282 4.28354 0.373946 -0.26349 -1.47134 1.27589
25.7 7.14767 4.28144 0.399464 -0.292917 -1.47134 1.27589
25.72 7.14203 4.27898 0.424982 -0.322343 -1.47134 1.27589
25.74 7.13593 4.27612 0.4505 -0.35177 -1.47134 1.27589
25.76 7.12937 4.27284 0.476018 -0.381197 -1.47134 1.27589
25.78 7.12238 4.26912 0.501535 -0.410624 -1.47134 1.27589
25.8 7.11498 4.26494 0.527053 -0.440051 -1.47134 1.27589
25.82 7.10718 4.26026 0.552571 -0.469478 -1.47134 1.27589
25.84 7.099 4.25507 0.578089 -0.498905 -1.47134 1.27589
25.86 7.09047 4.24935 0.603606 -0.528331 -1.47134 1.27589
25.88 7.08161 4.24307 0.629124 -0.557758 -1.47134 1.27589
25.9 7.07244 4.23622 0.654642 -0.587185 -1.47134 1.27589
25.92 7.06298 4.22876 0.68016 -0.616612 -1.47134 1.27589
25.94 7.05327 4.2207 0.705677 -0.646039 -1.47134 1.27589
25.96 7.04332 4.212 0.731195 -0.675466 -1.47134 1.27589
25.98 7.03317 4.20265 0.756713 -0.704892 -1.47134 1.27589
26 7.02283 4.19264 0.782231 -0.734319 -1.47134 1.27589
26.02 7.01234 4.18194 0.807749 -0.763746 -1.47134 1.27589
26.04 7.00195 4.17117 0.79805 -0.733016 1.53651 -0.484927
26.06 6.99188 4.16095 0.788351 -0.702286 1.53651 -0.484927
26.08 6.98214 4.15125 0.778653 -0.671556 1.53651 -0.484927
26.1 6.97276 4.14208 0.768954 -0.640826 1.53651 -0.484927
26.12 6.96373 4.13342 0.759256 -0.610095 1.53651 -0.484927
26.14 6.95506 4.12528 0.749557 -0.579365 1.53651 -0.484927
26.16 6.94677 4.11763 0.739859 -0.548635 1.53651 -0.484927
26.18 6.93885 4.11048 0.73016 -0.517905 1.53651 -0.484927
26.2 6.93133 4.10381 0.720462 -0.487175 1.53651 -0.484927
26.22 6.92421 4.09762 0.710763 -0.456445 1.53651 -0.484927
26.24 6.9175 4.09189 0.701065 -0.425715 1.53651 -0.484927
26.26 6.9112 4.08663 0.691366 -0.394985 1.53651 -0.484927
26.28 6.90518 4.08179 0.66253 -0.377535 0.872456 -1.44182
26.3 6.8993 4.07734 0.633693 -0.360086 0.872456 -1.44182
26.32 6.89358 4.07326 0.604857 -0.342637 0.872456 -1.44182
26.34 6.88803 4.06954 0.57602 -0.325188 0.872456 -1.44182
26.36 6.88268 4.06617 0.547184 -0.307739 0.872456 -1.44182
26.38 6.87753 4.06313 0.518348 -0.29029 0.872456 -1.44182
26.4 6.8726 4.06041 0.489511 -0.272841 0.872456 -1.44182
26.42 6.8679 4.05799 0.460675 -0.255392 0.872456 -1.44182
26.44 6.86345 4.05586 0.431838 -0.237943 0.872456 -1.44182
26.46 6.85926 4.05401 0.403002 -0.220493 0.872456 -1.44182
26.48 6.85534 4.0524 0.374166 -0.203044 0.872456 -1.44182
26.5 6.8517 4.05103 0.345329 -0.185595 0.872456 -1.44182
26.52 6.84836 4.04988 0.316493 -0.168146 0.872456 -1.44182
26.54 6.84531 4.04893 0.287656 -0.150697 0.872456 -1.44182
26.56 6.84258 4.04816 0.25882 -0.133248 0.872456 -1.44182
26.58 6.84016 4.04756 0.229984 -0.115799 0.872456 -1.44182
26.6 6.83807 4.0471 0.201147 -0.0983497 0.872456 -1.44182
26.62 6.83631 4.04677 0.172311 -0.0809006 0.872456 -1.44182
26.64 6.83488 4.04654 0.143474 -0.0634514 0.872456 -1.44182
26.66 6.8338 4.0464 0.114638 -0.0460023 0.872456 -1.44182
26.68 6.83306 4.04632 0.0858017 -0.0285532 0.872456 -1.44182
26.7 6.83266 4.04629 0.0569653 -0.0111041 0.872456 -1.44182
26.72 6.83261 4.04629 0.0281289 0.006345 0.872456 -1.44182
26.74 6.83292 4.04629 -0.000707534 0.0237941 0.872456 -1.44182
26.76 6.83357 4.04628 -0.0295439 0.0412432 0.872456 -1.44182
26.76 6.83357 4.04628 -0.0295439 0.0412432 0 0
