0 -6 -4 0 0 0 0
0.02 -5.99998 -4 0.00664718 0.0018098 0.0904902 0.332359
0.04 -5.99993 -4 0.0132944 0.00361961 0.0904902 0.332359
0.06 -5.99984 -4 0.0199415 0.00542941 0.0904902 0.332359
0.08 -5.99971 -3.99999 0.0265887 0.00723921 0.0904902 0.332359
0.1 -5.99955 -3.99999 0.0332359 0.00904902 0.0904902 0.332359
0.12 -5.99935 -3.99998 0.0398831 0.0108588 0.0904902 0.332359
0.14 -5.99911 -3.99997 0.0465302 0.0126686 0.0904902 0.332359
0.16 -5.99884 -3.99996 0.0531774 0.0144784 0.0904902 0.332359
0.18 -5.99854 -3.99994 0.0598246 0.0162882 0.0904902 0.332359
0.2 -5.99819 -3.99992 0.0664718 0.018098 0.0904902 0.332359
0.22 -5.99781 -3.99989 0.0731189 0.0199078 0.0904902 0.332359
0.24 -5.9974 -3.99986 0.0797661 0.0217176 0.0904902 0.332359
0.26 -5.99695 -3.99982 0.0864133 0.0235274 0.0904902 0.332359
0.28 -5.99646 -3.99978 0.0930605 0.0253372 0.0904902 0.332359
0.3 -5.99594 -3.99973 0.0997077 0.027147 0.0904902 0.332359
0.32 -5.99538 -3.99967 0.106355 0.0289568 0.0904902 0.332359
0.34 -5.99479 -3.99961 0.113002 0.0307667 0.0904902 0.332359
0.36 -5.99416 -3.99953 0.119649 0.0325765 0.0904902 0.332359
0.38 -5.99349 -3.99945 0.126296 0.0343863 0.0904902 0.332359
0.4 -5.99279 -3.99936 0.132944 0.0361961 0.0904902 0.332359
0.42 -5.99206 -3.99926 0.139591 0.0380059 0.0904902 0.332359
0.44 -5.99129 -3.99915 0.146238 0.0398157 0.0904902 0.332359
0.46 -5.99048 -3.99903 0.152885 0.0416255 0.0904902 0.332359
0.48 -5.98964 -3.99889 0.159532 0.0434353 0.0904902 0.332359
0.5 -5.98901 -3.9988 0.144093 0.0209801 -1.12276 -0.771975
0.52 -5.98825 -3.99869 0.141446 0.0555103 1.72651 -0.132313
0.54 -5.98681 -3.99848 0.1388 0.0900405 1.72651 -0.132313
0.56 -5.98468 -3.99819 0.136154 0.124571 1.72651 -0.132313
0.58 -5.98187 -3.99781 0.133508 0.159101 1.72651 -0.132313
0.6 -5.97837 -3.99734 0.130861 0.193631 1.72651 -0.132313
0.62 -5.97419 -3.9968 0.128215 0.228162 1.72651 -0.132313
0.64 -5.96932 -3.99618 0.125569 0.262692 1.72651 -0.132313
0.66 -5.96377 -3.99548 0.122923 0.297222 1.72651 -0.132313
0.68 -5.95752 -3.99472 0.120276 0.331752 1.72651 -0.132313
0.7 -5.95059 -3.99389 0.11763 0.366283 1.72651 -0.132313
0.72 -5.94297 -3.993 0.114984 0.400813 1.72651 -0.132313
0.74 -5.93466 -3.99206 0.112338 0.435343 1.72651 -0.132313
0.76 -5.92567 -3.99105 0.109691 0.469873 1.72651 -0.132313
0.78 -5.91598 -3.99 0.107045 0.504403 1.72651 -0.132313
0.8 -5.90618 -3.98903 0.0894158 0.480735 -1.18344 -0.881462
0.82 -5.89683 -3.98828 0.0717866 0.457066 -1.18344 -0.881462
0.84 -5.88742 -3.98762 0.0679268 0.486789 1.48617 -0.192989
0.86 -5.8774 -3.98696 0.064067 0.516513 1.48617 -0.192989
0.88 -5.8668 -3.9863 0.0602072 0.546236 1.48617 -0.192989
0.9 -5.85559 -3.98564 0.0563474 0.57596 1.48617 -0.192989
0.92 -5.8438 -3.985 0.0524876 0.605683 1.48617 -0.192989
0.94 -5.8314 -3.98437 0.0486279 0.635407 1.48617 -0.192989
0.96 -5.81841 -3.98377 0.0447681 0.66513 1.48617 -0.192989
0.98 -5.80482 -3.98318 0.0409083 0.694854 1.48617 -0.192989
1 -5.79064 -3.98263 0.0370485 0.724577 1.48617 -0.192989
1.02 -5.77586 -3.98211 0.0331887 0.754301 1.48617 -0.192989
1.04 -5.761 -3.98148 0.0515195 0.732702 -1.07993 0.916538
1.06 -5.74659 -3.98061 0.0698502 0.711103 -1.07993 0.916538
1.08 -5.73263 -3.9795 0.088181 0.689505 -1.07993 0.916538
1.1 -5.71912 -3.97819 0.106512 0.667906 -1.07993 0.916538
1.12 -5.70607 -3.97667 0.124843 0.646307 -1.07993 0.916538
1.14 -5.69347 -3.97497 0.143173 0.624709 -1.07993 0.916538
1.16 -5.68133 -3.97311 0.161504 0.60311 -1.07993 0.916538
1.18 -5.66966 -3.9711 0.179835 0.581512 -1.07993 0.916538
1.2 -5.65845 -3.96895 0.198166 0.559913 -1.07993 0.916538
1.22 -5.6477 -3.96669 0.216496 0.538314 -1.07993 0.916538
1.24 -5.63742 -3.96433 0.234827 0.516716 -1.07993 0.916538
1.26 -5.6276 -3.96189 0.253158 0.495117 -1.07993 0.916538
1.28 -5.61824 -3.95938 0.271489 0.473518 -1.07993 0.916538
1.3 -5.60935 -3.95682 0.289819 0.45192 -1.07993 0.916538
1.32 -5.60092 -3.95422 0.30815 0.430321 -1.07993 0.916538
1.34 -5.59295 -3.9516 0.326481 0.408723 -1.07993 0.916538
1.36 -5.58543 -3.94898 0.344812 0.387124 -1.07993 0.916538
1.38 -5.57837 -3.94637 0.363142 0.365525 -1.07993 0.916538
1.4 -5.57177 -3.94379 0.381473 0.343927 -1.07993 0.916538
1.42 -5.56561 -3.94126 0.399804 0.322328 -1.07993 0.916538
1.44 -5.55989 -3.93878 0.418135 0.30073 -1.07993 0.916538
1.46 -5.55461 -3.93638 0.436465 0.279131 -1.07993 0.916538
1.48 -5.54977 -3.93406 0.454796 0.257532 -1.07993 0.916538
1.5 -5.54536 -3.93186 0.473127 0.235934 -1.07993 0.916538
1.52 -5.54137 -3.92977 0.491458 0.214335 -1.07993 0.916538
1.54 -5.53762 -3.92775 0.497355 0.210718 -0.18083 0.294866
1.56 -5.53396 -3.92575 0.503252 0.207102 -0.18083 0.294866
1.58 -5.53037 -3.92376 0.50915 0.203485 -0.18083 0.294866
1.6 -5.52685 -3.92178 0.515047 0.199869 -0.18083 0.294866
1.62 -5.52341 -3.91982 0.520944 0.196252 -0.18083 0.294866
1.64 -5.52004 -3.91787 0.526842 0.192635 -0.18083 0.294866
1.66 -5.51675 -3.91595 0.532739 0.189019 -0.18083 0.294866
1.68 -5.51353 -3.91403 0.538636 0.185402 -0.18083 0.294866
1.7 -5.51038 -3.91214 0.544534 0.181786 -0.18083 0.294866
1.72 -5.50731 -3.91027 0.550431 0.178169 -0.18083 0.294866
1.74 -5.50431 -3.90841 0.556328 0.174552 -0.18083 0.294866
1.76 -5.50138 -3.90658 0.562225 0.170936 -0.18083 0.294866
1.78 -5.49852 -3.90477 0.568123 0.167319 -0.18083 0.294866
1.8 -5.49574 -3.90298 0.57402 0.163703 -0.18083 0.294866
1.82 -5.49302 -3.90121 0.579917 0.160086 -0.18083 0.294866
1.84 -5.49038 -3.89947 0.585815 0.15647 -0.18083 0.294866
1.86 -5.48781 -3.89775 0.591712 0.152853 -0.18083 0.294866
1.88 -5.48531 -3.89606 0.597609 0.149236 -0.18083 0.294866
1.9 -5.48287 -3.8944 0.603507 0.14562 -0.18083 0.294866
1.92 -5.48051 -3.89276 0.609404 0.142003 -0.18083 0.294866
1.94 -5.47822 -3.89114 0.615301 0.138387 -0.18083 0.294866
1.96 -5.47599 -3.88956 0.621199 0.13477 -0.18083 0.294866
1.98 -5.47383 -3.88801 0.627096 0.131153 -0.18083 0.294866
2 -5.47174 -3.88648 0.632993 0.127537 -0.18083 0.294866
2.02 -5.46972 -3.88499 0.638891 0.12392 -0.18083 0.294866
2.04 -5.46776 -3.88353 0.644788 0.120304 -0.18083 0.294866
2.06 -5.46587 -3.8821 0.650685 0.116687 -0.18083 0.294866
2.08 -5.46405 -3.8807 0.656582 0.11307 -0.18083 0.294866
2.1 -5.46229 -3.87934 0.66248 0.109454 -0.18083 0.294866
2.12 -5.4606 -3.87801 0.668377 0.105837 -0.18083 0.294866
2.14 -5.45897 -3.87671 0.674274 0.102221 -0.18083 0.294866
2.16 -5.4574 -3.87545 0.680172 0.098604 -0.18083 0.294866
2.18 -5.4559 -3.87423 0.686069 0.0949874 -0.18083 0.294866
2.2 -5.45446 -3.87305 0.691966 0.0913708 -0.18083 0.294866
2.22 -5.45309 -3.8719 0.697864 0.0877542 -0.18083 0.294866
2.24 -5.45177 -3.87079 0.703761 0.0841376 -0.18083 0.294866
2.26 -5.4503 -3.86953 0.712657 0.10953 1.26963 0.444804
2.28 -5.44846 -3.86793 0.721553 0.134923 1.26963 0.444804
2.3 -5.44625 -3.86597 0.730449 0.160315 1.26963 0.444804
2.32 -5.44369 -3.86365 0.739345 0.185708 1.26963 0.444804
2.34 -5.44077 -3.86096 0.748241 0.2111 1.26963 0.444804
2.36 -5.4375 -3.8579 0.757137 0.236493 1.26963 0.444804
2.38 -5.43389 -3.85446 0.766034 0.261885 1.26963 0.444804
2.4 -5.42995 -3.85063 0.77493 0.287278 1.26963 0.444804
2.42 -5.42568 -3.84642 0.783826 0.31267 1.26963 0.444804
2.44 -5.4211 -3.8418 0.792722 0.338063 1.26963 0.444804
2.46 -5.4162 -3.83678 0.801618 0.363456 1.26963 0.444804
2.48 -5.41099 -3.83135 0.810514 0.388848 1.26963 0.444804
2.5 -5.40548 -3.82551 0.81941 0.414241 1.26963 0.444804
2.52 -5.39968 -3.81924 0.828306 0.439633 1.26963 0.444804
2.54 -5.39359 -3.81255 0.837202 0.465026 1.26963 0.444804
2.56 -5.38723 -3.80543 0.846098 0.490418 1.26963 0.444804
2.58 -5.38059 -3.79786 0.854994 0.515811 1.26963 0.444804
2.6 -5.37369 -3.78986 0.863891 0.541203 1.26963 0.444804
2.62 -5.36653 -3.7814 0.872787 0.566596 1.26963 0.444804
2.64 -5.35941 -3.77297 0.865624 0.536978 -1.4809 -0.358115
2.66 -5.35261 -3.76504 0.858462 0.50736 -1.4809 -0.358115
2.68 -5.34615 -3.75761 0.8513 0.477742 -1.4809 -0.358115
2.7 -5.34002 -3.75067 0.844137 0.448124 -1.4809 -0.358115
2.72 -5.33424 -3.74421 0.836975 0.418506 -1.4809 -0.358115
2.74 -5.32881 -3.73823 0.829813 0.388888 -1.4809 -0.358115
2.76 -5.32374 -3.73273 0.822651 0.35927 -1.4809 -0.358115
2.78 -5.31904 -3.7277 0.815488 0.329652 -1.4809 -0.358115
2.8 -5.31444 -3.72294 0.789385 0.331987 0.11676 -1.30518
2.82 -5.30969 -3.71827 0.763281 0.334322 0.11676 -1.30518
2.84 -5.3047 -3.71341 0.78193 0.361845 1.37613 0.932439
2.86 -5.29942 -3.70807 0.800579 0.389368 1.37613 0.932439
2.88 -5.29386 -3.70223 0.819227 0.41689 1.37613 0.932439
2.9 -5.28804 -3.69588 0.837876 0.444413 1.37613 0.932439
2.92 -5.28198 -3.68901 0.856525 0.471936 1.37613 0.932439
2.94 -5.27568 -3.68162 0.875174 0.499458 1.37613 0.932439
2.96 -5.26918 -3.67368 0.893822 0.526981 1.37613 0.932439
2.98 -5.26248 -3.66518 0.912471 0.554503 1.37613 0.932439
3 -5.25561 -3.65613 0.93112 0.582026 1.37613 0.932439
3.02 -5.24859 -3.6465 0.949769 0.609549 1.37613 0.932439
3.04 -5.24143 -3.63629 0.968418 0.637071 1.37613 0.932439
3.06 -5.23416 -3.6255 0.987066 0.664594 1.37613 0.932439
3.08 -5.22679 -3.61411 1.00572 0.692117 1.37613 0.932439
3.1 -5.21934 -3.60212 1.02436 0.719639 1.37613 0.932439
3.12 -5.21184 -3.58951 1.04301 0.747162 1.37613 0.932439
3.14 -5.21184 -3.58951 1.04301 0.747162 1.37613 0.932439
3.16 -5.2043 -3.5763 1.06166 0.774684 1.37613 0.932439
3.18 -5.19674 -3.56246 1.08031 0.802207 1.37613 0.932439
3.2 -5.18919 -3.54799 1.09896 0.82973 1.37613 0.932439
3.22 -5.18166 -3.53289 1.11761 0.857252 1.37613 0.932439
3.24 -5.17418 -3.51716 1.13626 0.884775 1.37613 0.932439
3.26 -5.16677 -3.50079 1.15491 0.912298 1.37613 0.932439
3.28 -5.15945 -3.48378 1.17355 0.93982 1.37613 0.932439
3.3 -5.15223 -3.46612 1.1922 0.967343 1.37613 0.932439
3.32 -5.14515 -3.44782 1.21085 0.994865 1.37613 0.932439
3.34 -5.13822 -3.42888 1.2295 1.02239 1.37613 0.932439
3.36 -5.13147 -3.40929 1.24815 1.04991 1.37613 0.932439
3.38 -5.12491 -3.38905 1.2668 1.07743 1.37613 0.932439
3.4 -5.11858 -3.36817 1.28545 1.10496 1.37613 0.932439
3.42 -5.11248 -3.34664 1.3041 1.13248 1.37613 0.932439
3.44 -5.10665 -3.32447 1.32274 1.16 1.37613 0.932439
3.46 -5.1011 -3.30166 1.34139 1.18752 1.37613 0.932439
3.48 -5.09585 -3.27821 1.36004 1.21505 1.37613 0.932439
3.5 -5.09094 -3.25413 1.37869 1.24257 1.37613 0.932439
3.52 -5.08637 -3.22943 1.39734 1.27009 1.37613 0.932439
3.54 -5.08218 -3.20409 1.41599 1.29761 1.37613 0.932439
3.56 -5.07837 -3.17814 1.43464 1.32514 1.37613 0.932439
3.58 -5.07499 -3.15158 1.45329 1.35266 1.37613 0.932439
3.6 -5.07204 -3.12441 1.47193 1.38018 1.37613 0.932439
3.62 -5.06955 -3.09665 1.49058 1.4077 1.37613 0.932439
3.64 -5.06753 -3.06829 1.50923 1.43523 1.37613 0.932439
3.66 -5.06602 -3.03935 1.52788 1.46275 1.37613 0.932439
3.68 -5.06503 -3.00984 1.54653 1.49027 1.37613 0.932439
3.7 -5.06406 -2.98014 1.53003 1.48131 -0.448113 -0.824765
3.72 -5.06262 -2.95064 1.51354 1.47235 -0.448113 -0.824765
3.74 -5.0607 -2.92134 1.49704 1.46339 -0.448113 -0.824765
3.76 -5.05831 -2.89226 1.48055 1.45442 -0.448113 -0.824765
3.78 -5.05545 -2.8634 1.46405 1.44546 -0.448113 -0.824765
3.8 -5.05215 -2.83477 1.44756 1.4365 -0.448113 -0.824765
3.82 -5.04839 -2.80638 1.43106 1.42754 -0.448113 -0.824765
3.84 -5.0442 -2.77823 1.41457 1.41857 -0.448113 -0.824765
3.86 -5.03957 -2.75033 1.39807 1.40961 -0.448113 -0.824765
3.88 -5.03451 -2.72269 1.38158 1.40065 -0.448113 -0.824765
3.9 -5.02903 -2.69531 1.36508 1.39169 -0.448113 -0.824765
3.92 -5.02314 -2.6682 1.34859 1.38273 -0.448113 -0.824765
3.94 -5.01684 -2.64136 1.33209 1.37376 -0.448113 -0.824765
3.96 -5.01015 -2.61481 1.3156 1.3648 -0.448113 -0.824765
3.98 -5.00307 -2.58854 1.2991 1.35584 -0.448113 -0.824765
4 -4.9956 -2.56256 1.28261 1.34688 -0.448113 -0.824765
4.02 -4.98776 -2.53689 1.26611 1.33791 -0.448113 -0.824765
4.04 -4.97955 -2.51151 1.24961 1.32895 -0.448113 -0.824765
4.06 -4.97098 -2.48645 1.23312 1.31999 -0.448113 -0.824765
4.08 -4.96206 -2.4617 1.21662 1.31103 -0.448113 -0.824765
4.1 -4.95279 -2.43726 1.20013 1.30206 -0.448113 -0.824765
4.12 -4.94319 -2.41315 1.18363 1.2931 -0.448113 -0.824765
4.14 -4.93327 -2.38937 1.16714 1.28414 -0.448113 -0.824765
4.16 -4.92302 -2.36592 1.15064 1.27518 -0.448113 -0.824765
4.18 -4.91246 -2.3428 1.13415 1.26622 -0.448113 -0.824765
4.2 -4.9016 -2.32002 1.11765 1.25725 -0.448113 -0.824765
4.22 -4.89045 -2.29759 1.10116 1.24829 -0.448113 -0.824765
4.24 -4.87901 -2.2755 1.08466 1.23933 -0.448113 -0.824765
4.26 -4.86729 -2.25376 1.06817 1.23037 -0.448113 -0.824765
4.28 -4.8553 -2.23237 1.05167 1.2214 -0.448113 -0.824765
4.3 -4.84306 -2.21134 1.03518 1.21244 -0.448113 -0.824765
4.32 -4.83055 -2.19067 1.01868 1.20348 -0.448113 -0.824765
4.34 -4.81781 -2.17035 1.00219 1.19452 -0.448113 -0.824765
4.36 -4.8054 -2.15032 1.03047 1.16242 -1.60466 1.41426
4.38 -4.79388 -2.13049 1.05876 1.13033 -1.60466 1.41426
4.4 -4.78324 -2.11091 1.08704 1.09824 -1.60466 1.41426
4.42 -4.77344 -2.09161 1.11533 1.06615 -1.60466 1.41426
4.44 -4.76447 -2.07263 1.14361 1.03405 -1.60466 1.41426
4.46 -4.7563 -2.05398 1.1719 1.00196 -1.60466 1.41426
4.48 -4.7489 -2.0357 1.20018 0.969866 -1.60466 1.41426
4.5 -4.74224 -2.01783 1.22847 0.937773 -1.60466 1.41426
4.52 -4.73629 -2.00038 1.25675 0.905679 -1.60466 1.41426
4.54 -4.73076 -1.98332 1.25739 0.887733 -0.897343 0.0319787
4.56 -4.72535 -1.9666 1.25803 0.869786 -0.897343 0.0319787
4.58 -4.72006 -1.95022 1.25867 0.851839 -0.897343 0.0319787
4.6 -4.71488 -1.93417 1.25931 0.833892 -0.897343 0.0319787
4.62 -4.70983 -1.91847 1.25995 0.815945 -0.897343 0.0319787
4.64 -4.70492 -1.90305 1.26445 0.801746 -0.70994 0.224817
4.66 -4.70016 -1.88789 1.26894 0.787548 -0.70994 0.224817
4.68 -4.69555 -1.87298 1.27344 0.773349 -0.70994 0.224817
4.7 -4.6911 -1.85831 1.27794 0.75915 -0.70994 0.224817
4.72 -4.68679 -1.8439 1.28243 0.744951 -0.70994 0.224817
4.74 -4.68262 -1.82975 1.28693 0.730752 -0.70994 0.224817
4.76 -4.6786 -1.81584 1.29142 0.716554 -0.70994 0.224817
4.78 -4.67472 -1.8022 1.29592 0.702355 -0.70994 0.224817
4.8 -4.67097 -1.7888 1.30042 0.688156 -0.70994 0.224817
4.82 -4.66736 -1.77567 1.30491 0.673957 -0.70994 0.224817
4.84 -4.66389 -1.76279 1.30941 0.659758 -0.70994 0.224817
4.86 -4.66054 -1.75018 1.31391 0.64556 -0.70994 0.224817
4.88 -4.65733 -1.73782 1.3184 0.631361 -0.70994 0.224817
4.9 -4.65424 -1.72572 1.3229 0.617162 -0.70994 0.224817
4.92 -4.65127 -1.71389 1.3274 0.602963 -0.70994 0.224817
4.94 -4.64842 -1.70231 1.33189 0.588764 -0.70994 0.224817
4.96 -4.64569 -1.69101 1.33639 0.574566 -0.70994 0.224817
4.98 -4.64308 -1.67996 1.34088 0.560367 -0.70994 0.224817
5 -4.64059 -1.66918 1.34538 0.546168 -0.70994 0.224817
5.02 -4.6382 -1.65867 1.34988 0.531969 -0.70994 0.224817
5.04 -4.63592 -1.64842 1.35437 0.51777 -0.70994 0.224817
5.06 -4.63375 -1.63844 1.35887 0.503572 -0.70994 0.224817
5.08 -4.63168 -1.62873 1.36337 0.489373 -0.70994 0.224817
5.1 -4.62972 -1.61928 1.36786 0.475174 -0.70994 0.224817
5.12 -4.62785 -1.61011 1.37236 0.460975 -0.70994 0.224817
5.14 -4.6261 -1.60093 1.39222 0.473399 0.621217 0.99292
5.16 -4.62449 -1.59148 1.41208 0.485824 0.621217 0.99292
5.18 -4.62303 -1.58174 1.43193 0.498248 0.621217 0.99292
5.2 -4.62174 -1.57174 1.45179 0.510672 0.621217 0.99292
5.22 -4.62061 -1.56146 1.47165 0.523097 0.621217 0.99292
5.24 -4.61967 -1.55092 1.49151 0.535521 0.621217 0.99292
5.26 -4.61892 -1.54011 1.51137 0.547945 0.621217 0.99292
5.28 -4.61837 -1.52904 1.53123 0.56037 0.621217 0.99292
5.3 -4.61837 -1.52904 1.53123 0.56037 0.621217 0.99292
5.32 -4.61804 -1.51771 1.55108 0.572794 0.621217 0.99292
5.34 -4.61792 -1.50614 1.57094 0.585218 0.621217 0.99292
5.36 -4.61804 -1.49431 1.5908 0.597643 0.621217 0.99292
5.38 -4.6184 -1.48224 1.61066 0.610067 0.621217 0.99292
5.4 -4.61902 -1.46993 1.63052 0.622491 0.621217 0.99292
5.42 -4.61989 -1.45738 1.65038 0.634916 0.621217 0.99292
5.44 -4.62104 -1.44461 1.67023 0.64734 0.621217 0.99292
5.46 -4.62247 -1.43162 1.69009 0.659764 0.621217 0.99292
5.48 -4.62418 -1.41841 1.70995 0.672189 0.621217 0.99292
5.5 -4.6262 -1.40499 1.72981 0.684613 0.621217 0.99292
5.52 -4.62852 -1.39137 1.74967 0.697037 0.621217 0.99292
5.54 -4.63116 -1.37756 1.76953 0.709462 0.621217 0.99292
5.56 -4.63413 -1.36356 1.78939 0.721886 0.621217 0.99292
5.58 -4.63743 -1.34937 1.80924 0.73431 0.621217 0.99292
5.6 -4.64107 -1.33502 1.8291 0.746735 0.621217 0.99292
5.62 -4.64506 -1.3205 1.84896 0.759159 0.621217 0.99292
5.64 -4.64941 -1.30582 1.86882 0.771583 0.621217 0.99292
5.66 -4.65413 -1.291 1.88868 0.784008 0.621217 0.99292
5.68 -4.6589 -1.27641 1.88602 0.751171 -1.64184 -0.132951
5.7 -4.66344 -1.26243 1.88336 0.718334 -1.64184 -0.132951
5.72 -4.66774 -1.24907 1.8807 0.685498 -1.64184 -0.132951
5.74 -4.67181 -1.23632 1.87804 0.652661 -1.64184 -0.132951
5.76 -4.67564 -1.22418 1.87538 0.619824 -1.64184 -0.132951
5.78 -4.67924 -1.21267 1.87272 0.586988 -1.64184 -0.132951
5.8 -4.68262 -1.20177 1.87006 0.554151 -1.64184 -0.132951
5.82 -4.68578 -1.19149 1.86741 0.521314 -1.64184 -0.132951
5.84 -4.68872 -1.18183 1.86475 0.488477 -1.64184 -0.132951
5.86 -4.69144 -1.17279 1.86209 0.455641 -1.64184 -0.132951
5.88 -4.69395 -1.16437 1.85943 0.422804 -1.64184 -0.132951
5.9 -4.69626 -1.15657 1.85677 0.389967 -1.64184 -0.132951
5.92 -4.69835 -1.1494 1.85411 0.35713 -1.64184 -0.132951
5.94 -4.70025 -1.14286 1.85145 0.324294 -1.64184 -0.132951
5.96 -4.70195 -1.13694 1.84879 0.291457 -1.64184 -0.132951
5.98 -4.70345 -1.13165 1.84613 0.25862 -1.64184 -0.132951
6 -4.70476 -1.12698 1.84347 0.225784 -1.64184 -0.132951
6.02 -4.70588 -1.12295 1.84081 0.192947 -1.64184 -0.132951
6.04 -4.70682 -1.11955 1.83816 0.16011 -1.64184 -0.132951
6.06 -4.70758 -1.11677 1.8355 0.127273 -1.64184 -0.132951
6.08 -4.70815 -1.11463 1.83284 0.0944367 -1.64184 -0.132951
6.1 -4.70856 -1.11313 1.83018 0.0616 -1.64184 -0.132951
6.12 -4.70879 -1.11225 1.82752 0.0287633 -1.64184 -0.132951
6.14 -4.70885 -1.11201 1.82486 -0.00407342 -1.64184 -0.132951
6.16 -4.70875 -1.11241 1.8222 -0.0369101 -1.64184 -0.132951
6.18 -4.70848 -1.11344 1.81954 -0.0697469 -1.64184 -0.132951
6.2 -4.70806 -1.11511 1.81688 -0.102584 -1.64184 -0.132951
6.22 -4.70806 -1.11511 1.81688 -0.102584 -1.64184 -0.132951
6.24 -4.70748 -1.11742 1.81422 -0.13542 -1.64184 -0.132951
6.26 -4.70676 -1.12037 1.81157 -0.168257 -1.64184 -0.132951
6.28 -4.70588 -1.12396 1.80891 -0.201094 -1.64184 -0.132951
6.3 -4.70486 -1.12819 1.80625 -0.23393 -1.64184 -0.132951
6.32 -4.7037 -1.13306 1.80359 -0.266767 -1.64184 -0.132951
6.34 -4.7024 -1.13857 1.80093 -0.299604 -1.64184 -0.132951
6.36 -4.70097 -1.14473 1.79827 -0.332441 -1.64184 -0.132951
6.38 -4.6994 -1.15153 1.79561 -0.365277 -1.64184 -0.132951
6.4 -4.69771 -1.15897 1.79295 -0.398114 -1.64184 -0.132951
6.42 -4.6959 -1.16706 1.79029 -0.430951 -1.64184 -0.132951
6.44 -4.69396 -1.1758 1.78763 -0.463787 -1.64184 -0.132951
6.46 -4.6919 -1.18518 1.78498 -0.496624 -1.64184 -0.132951
6.48 -4.68974 -1.19521 1.78232 -0.529461 -1.64184 -0.132951
6.5 -4.68746 -1.20589 1.77966 -0.562298 -1.64184 -0.132951
6.52 -4.68508 -1.21721 1.777 -0.595134 -1.64184 -0.132951
6.54 -4.68259 -1.22919 1.77434 -0.627971 -1.64184 -0.132951
6.56 -4.68 -1.24181 1.77168 -0.660808 -1.64184 -0.132951
6.58 -4.67731 -1.25509 1.76902 -0.693644 -1.64184 -0.132951
6.6 -4.67454 -1.26901 1.76636 -0.726481 -1.64184 -0.132951
6.62 -4.67167 -1.28359 1.7637 -0.759318 -1.64184 -0.132951
6.64 -4.66871 -1.29882 1.76104 -0.792155 -1.64184 -0.132951
6.66 -4.66876 -1.29857 1.76178 -0.766029 -0.335548 -0.0964079
6.68 -4.66585 -1.31368 1.75985 -0.77274 -0.335548 -0.0964079
6.7 -4.66295 -1.32893 1.75792 -0.779451 -0.335548 -0.0964079
6.72 -4.66005 -1.34431 1.75599 -0.786162 -0.335548 -0.0964079
6.74 -4.65716 -1.35983 1.75406 -0.792873 -0.335548 -0.0964079
6.76 -4.65427 -1.37549 1.75213 -0.799584 -0.335548 -0.0964079
6.78 -4.65139 -1.39129 1.75021 -0.806295 -0.335548 -0.0964079
6.8 -4.64852 -1.40723 1.74828 -0.813006 -0.335548 -0.0964079
6.82 -4.64565 -1.4233 1.74635 -0.819717 -0.335548 -0.0964079
6.84 -4.64279 -1.43951 1.74442 -0.826427 -0.335548 -0.0964079
6.86 -4.63994 -1.45586 1.74249 -0.833138 -0.335548 -0.0964079
6.88 -4.6371 -1.47235 1.74057 -0.839849 -0.335548 -0.0964079
6.9 -4.63426 -1.48897 1.73864 -0.84656 -0.335548 -0.0964079
6.92 -4.63144 -1.50574 1.73671 -0.853271 -0.335548 -0.0964079
6.94 -4.62863 -1.52264 1.73478 -0.859982 -0.335548 -0.0964079
6.96 -4.62582 -1.53967 1.73285 -0.866693 -0.335548 -0.0964079
6.98 -4.62297 -1.55714 1.73241 -0.903031 -1.8169 -0.0220476
7 -4.62001 -1.57532 1.73197 -0.939369 -1.8169 -0.0220476
7.02 -4.61694 -1.59423 1.73153 -0.975707 -1.8169 -0.0220476
7.04 -4.61377 -1.61385 1.73109 -1.01205 -1.8169 -0.0220476
7.06 -4.61048 -1.63419 1.73065 -1.04838 -1.8169 -0.0220476
7.08 -4.60709 -1.65525 1.73021 -1.08472 -1.8169 -0.0220476
7.1 -4.6036 -1.67703 1.72977 -1.12106 -1.8169 -0.0220476
7.12 -4.59999 -1.69953 1.72933 -1.1574 -1.8169 -0.0220476
7.14 -4.59629 -1.72274 1.72888 -1.19373 -1.8169 -0.0220476
7.16 -4.59248 -1.74668 1.72844 -1.23007 -1.8169 -0.0220476
7.18 -4.58856 -1.77134 1.728 -1.26641 -1.8169 -0.0220476
7.2 -4.58455 -1.79671 1.72756 -1.30275 -1.8169 -0.0220476
7.22 -4.58043 -1.82281 1.72712 -1.33909 -1.8169 -0.0220476
7.24 -4.57621 -1.84962 1.72668 -1.37542 -1.8169 -0.0220476
7.26 -4.57189 -1.87716 1.72624 -1.41176 -1.8169 -0.0220476
7.28 -4.56785 -1.90497 1.70357 -1.39897 0.639885 -1.1335
7.3 -4.56448 -1.93262 1.6809 -1.38617 0.639885 -1.1335
7.32 -4.56175 -1.96008 1.65823 -1.37337 0.639885 -1.1335
7.34 -4.55967 -1.98734 1.63556 -1.36057 0.639885 -1.1335
7.36 -4.55823 -2.01438 1.61289 -1.34777 0.639885 -1.1335
7.38 -4.5574 -2.0412 1.59022 -1.33498 0.639885 -1.1335
7.4 -4.55719 -2.06777 1.56755 -1.32218 0.639885 -1.1335
7.42 -4.55757 -2.09408 1.54488 -1.30938 0.639885 -1.1335
7.44 -4.55854 -2.12012 1.52221 -1.29658 0.639885 -1.1335
7.46 -4.56009 -2.14588 1.49954 -1.28379 0.639885 -1.1335
7.48 -4.56219 -2.17134 1.47687 -1.27099 0.639885 -1.1335
7.5 -4.56485 -2.19649 1.4542 -1.25819 0.639885 -1.1335
7.52 -4.56804 -2.22132 1.43153 -1.24539 0.639885 -1.1335
7.54 -4.57137 -2.24574 1.43925 -1.21913 1.31304 0.386176
7.56 -4.57444 -2.26966 1.44697 -1.19287 1.31304 0.386176
7.58 -4.57727 -2.29309 1.4547 -1.16661 1.31304 0.386176
7.6 -4.57985 -2.31601 1.46242 -1.14035 1.31304 0.386176
7.62 -4.5822 -2.33843 1.47015 -1.11409 1.31304 0.386176
7.64 -4.58433 -2.36035 1.47787 -1.08783 1.31304 0.386176
7.66 -4.58624 -2.38176 1.48559 -1.06157 1.31304 0.386176
7.68 -4.58795 -2.40266 1.49332 -1.03531 1.31304 0.386176
7.7 -4.58945 -2.42305 1.50104 -1.00905 1.31304 0.386176
7.72 -4.59076 -2.44292 1.50876 -0.982785 1.31304 0.386176
7.74 -4.59189 -2.46228 1.51649 -0.956524 1.31304 0.386176
7.76 -4.59284 -2.48112 1.52421 -0.930263 1.31304 0.386176
7.78 -4.59363 -2.49945 1.53193 -0.904002 1.31304 0.386176
7.8 -4.59376 -2.50008 1.52059 -0.967576 -1.86562 -0.180753
7.82 -4.59479 -2.51978 1.51698 -1.00489 -1.86562 -0.180753
7.84 -4.59592 -2.54022 1.51336 -1.0422 -1.86562 -0.180753
7.86 -4.59718 -2.5614 1.50975 -1.07951 -1.86562 -0.180753
7.88 -4.59856 -2.58332 1.50613 -1.11682 -1.86562 -0.180753
7.9 -4.6003 -2.60533 1.47784 -1.0916 1.26101 -1.41464
7.92 -4.6026 -2.62679 1.44955 -1.06638 1.26101 -1.41464
7.94 -4.60545 -2.64767 1.42126 -1.04116 1.26101 -1.41464
7.96 -4.6088 -2.66797 1.39296 -1.01594 1.26101 -1.41464
7.98 -4.61263 -2.68766 1.36467 -0.990724 1.26101 -1.41464
8 -4.6169 -2.70675 1.33638 -0.965503 1.26101 -1.41464
8.02 -4.62159 -2.72522 1.30808 -0.940283 1.26101 -1.41464
8.04 -4.62666 -2.74307 1.27979 -0.915063 1.26101 -1.41464
8.06 -4.63208 -2.76029 1.2515 -0.889842 1.26101 -1.41464
8.08 -4.63782 -2.77686 1.22321 -0.864622 1.26101 -1.41464
8.1 -4.64385 -2.7928 1.19491 -0.839402 1.26101 -1.41464
8.12 -4.65013 -2.8081 1.16662 -0.814181 1.26101 -1.41464
8.14 -4.65664 -2.82274 1.13833 -0.788961 1.26101 -1.41464
8.16 -4.66335 -2.83675 1.11003 -0.763741 1.26101 -1.41464
8.18 -4.67022 -2.85011 1.08174 -0.738521 1.26101 -1.41464
8.2 -4.67722 -2.86283 1.05345 -0.7133 1.26101 -1.41464
8.22 -4.68432 -2.87491 1.02516 -0.68808 1.26101 -1.41464
8.24 -4.69149 -2.88636 0.996863 -0.66286 1.26101 -1.41464
8.26 -4.6987 -2.89718 0.96857 -0.637639 1.26101 -1.41464
8.28 -4.70595 -2.90744 0.943335 -0.61907 0.928465 -1.26175
8.3 -4.71324 -2.91722 0.9181 -0.600501 0.928465 -1.26175
8.32 -4.72053 -2.92653 0.892865 -0.581931 0.928465 -1.26175
8.34 -4.72783 -2.93536 0.867631 -0.563362 0.928465 -1.26175
8.36 -4.7351 -2.94372 0.842396 -0.544793 0.928465 -1.26175
8.38 -4.74233 -2.95162 0.817161 -0.526224 0.928465 -1.26175
8.4 -4.7495 -2.95907 0.791926 -0.507654 0.928465 -1.26175
8.42 -4.75659 -2.96608 0.766691 -0.489085 0.928465 -1.26175
8.44 -4.75659 -2.96608 0.766691 -0.489085 0.928465 -1.26175
8.46 -4.76358 -2.97265 0.741456 -0.470516 0.928465 -1.26175
8.48 -4.77046 -2.97879 0.716221 -0.451946 0.928465 -1.26175
8.5 -4.77721 -2.98452 0.690986 -0.433377 0.928465 -1.26175
8.52 -4.78381 -2.98984 0.665751 -0.414808 0.928465 -1.26175
8.54 -4.79026 -2.99477 0.640516 -0.396238 0.928465 -1.26175
8.56 -4.79652 -2.99932 0.615281 -0.377669 0.928465 -1.26175
8.58 -4.80259 -3.00349 0.590046 -0.3591 0.928465 -1.26175
8.6 -4.80845 -3.00731 0.564811 -0.34053 0.928465 -1.26175
8.62 -4.81409 -3.01079 0.539576 -0.321961 0.928465 -1.26175
8.64 -4.81949 -3.01393 0.514341 -0.303392 0.928465 -1.26175
8.66 -4.82465 -3.01676 0.489106 -0.284822 0.928465 -1.26175
8.68 -4.82955 -3.01929 0.463871 -0.266253 0.928465 -1.26175
8.7 -4.83417 -3.02153 0.438636 -0.247684 0.928465 -1.26175
8.72 -4.83851 -3.02351 0.413402 -0.229115 0.928465 -1.26175
8.74 -4.84256 -3.02522 0.388167 -0.210545 0.928465 -1.26175
8.76 -4.8463 -3.0267 0.362932 -0.191976 0.928465 -1.26175
8.78 -4.84973 -3.02795 0.337697 -0.173407 0.928465 -1.26175
8.8 -4.85285 -3.029 0.312462 -0.154837 0.928465 -1.26175
8.82 -4.85563 -3.02986 0.287227 -0.136268 0.928465 -1.26175
8.84 -4.85807 -3.03055 0.261992 -0.117699 0.928465 -1.26175
8.86 -4.86017 -3.03109 0.236757 -0.0991294 0.928465 -1.26175
8.88 -4.86192 -3.03149 0.211522 -0.0805601 0.928465 -1.26175
8.9 -4.86387 -3.03189 0.197865 -0.118304 -1.88718 -0.682856
8.92 -4.86656 -3.03241 0.184208 -0.156047 -1.88718 -0.682856
8.94 -4.87001 -3.03303 0.170551 -0.193791 -1.88718 -0.682856
8.96 -4.8742 -3.03372 0.156893 -0.231534 -1.88718 -0.682856
8.98 -4.87916 -3.03447 0.143236 -0.269278 -1.88718 -0.682856
9 -4.88487 -3.03525 0.129579 -0.307021 -1.88718 -0.682856
9.02 -4.89133 -3.03605 0.115922 -0.344765 -1.88718 -0.682856
9.04 -4.89856 -3.03684 0.102265 -0.382508 -1.88718 -0.682856
9.06 -4.90655 -3.0376 0.0886079 -0.420252 -1.88718 -0.682856
9.08 -4.91531 -3.03832 0.0749508 -0.457995 -1.88718 -0.682856
9.1 -4.92482 -3.03897 0.0612937 -0.495739 -1.88718 -0.682856
9.12 -4.9351 -3.03953 0.0476366 -0.533482 -1.88718 -0.682856
9.14 -4.94614 -3.03998 0.0339795 -0.571226 -1.88718 -0.682856
9.16 -4.95794 -3.0403 0.0203224 -0.60897 -1.88718 -0.682856
9.18 -4.97049 -3.04047 0.00666524 -0.646713 -1.88718 -0.682856
9.2 -4.9838 -3.04046 -0.00699187 -0.684457 -1.88718 -0.682856
9.22 -4.99787 -3.04027 -0.020649 -0.7222 -1.88718 -0.682856
9.24 -5.01268 -3.03986 -0.0343061 -0.759944 -1.88718 -0.682856
9.26 -5.02825 -3.03922 -0.0479632 -0.797687 -1.88718 -0.682856
9.28 -5.04455 -3.03832 -0.0616203 -0.835431 -1.88718 -0.682856
9.3 -5.0616 -3.03715 -0.0752774 -0.873174 -1.88718 -0.682856
9.32 -5.07938 -3.03569 -0.0889345 -0.910918 -1.88718 -0.682856
9.34 -5.09716 -3.03389 -0.112813 -0.875893 1.75122 -1.1939
9.36 -5.11419 -3.03176 -0.136691 -0.840869 1.75122 -1.1939
9.38 -5.13048 -3.02932 -0.160569 -0.805845 1.75122 -1.1939
9.4 -5.14601 -3.02661 -0.184447 -0.77082 1.75122 -1.1939
9.42 -5.16078 -3.02368 -0.208325 -0.735796 1.75122 -1.1939
9.44 -5.1748 -3.02054 -0.232203 -0.700771 1.75122 -1.1939
9.46 -5.18806 -3.01724 -0.256081 -0.665747 1.75122 -1.1939
9.48 -5.20057 -3.0138 -0.279959 -0.630723 1.75122 -1.1939
9.5 -5.21231 -3.01028 -0.303837 -0.595698 1.75122 -1.1939
9.52 -5.2233 -3.00669 -0.327715 -0.560674 1.75122 -1.1939
9.54 -5.23355 -3.00307 -0.351593 -0.52565 1.75122 -1.1939
9.56 -5.24304 -2.99946 -0.375471 -0.490625 1.75122 -1.1939
9.58 -5.25181 -2.99588 -0.399349 -0.455601 1.75122 -1.1939
9.6 -5.25984 -2.99238 -0.423227 -0.420576 1.75122 -1.1939
9.62 -5.26785 -2.98884 -0.408962 -0.455699 -1.75614 0.713291
9.64 -5.27656 -2.98514 -0.394696 -0.490822 -1.75614 0.713291
9.66 -5.28588 -2.98112 -0.419706 -0.524141 -1.66596 -1.25053
9.68 -5.2957 -2.97659 -0.444717 -0.55746 -1.66596 -1.25053
9.7 -5.30601 -2.97152 -0.469727 -0.590779 -1.66596 -1.25053
9.72 -5.31677 -2.96588 -0.494738 -0.624098 -1.66596 -1.25053
9.74 -5.32797 -2.95966 -0.519748 -0.657418 -1.66596 -1.25053
9.76 -5.33958 -2.95281 -0.544759 -0.690737 -1.66596 -1.25053
9.78 -5.35159 -2.94533 -0.569769 -0.724056 -1.66596 -1.25053
9.8 -5.36396 -2.93718 -0.59478 -0.757375 -1.66596 -1.25053
9.82 -5.37667 -2.92835 -0.61979 -0.790694 -1.66596 -1.25053
9.84 -5.3897 -2.9188 -0.644801 -0.824013 -1.66596 -1.25053
9.86 -5.40301 -2.90853 -0.669812 -0.857332 -1.66596 -1.25053
9.88 -5.41657 -2.89751 -0.694822 -0.890651 -1.66596 -1.25053
9.9 -5.43036 -2.88571 -0.719833 -0.92397 -1.66596 -1.25053
9.92 -5.44435 -2.87314 -0.744843 -0.95729 -1.66596 -1.25053
9.94 -5.45851 -2.85975 -0.769854 -0.990609 -1.66596 -1.25053
9.96 -5.47279 -2.84555 -0.794864 -1.02393 -1.66596 -1.25053
9.98 -5.48718 -2.83051 -0.819875 -1.05725 -1.66596 -1.25053
10 -5.50164 -2.81463 -0.844885 -1.09057 -1.66596 -1.25053
10.02 -5.51613 -2.79789 -0.869896 -1.12389 -1.66596 -1.25053
10.04 -5.53062 -2.78027 -0.894906 -1.1572 -1.66596 -1.25053
10.06 -5.54507 -2.76177 -0.919917 -1.19052 -1.66596 -1.25053
10.08 -5.55946 -2.74238 -0.944927 -1.22384 -1.66596 -1.25053
10.1 -5.57374 -2.72209 -0.969938 -1.25716 -1.66596 -1.25053
10.12 -5.58788 -2.7009 -0.994948 -1.29048 -1.66596 -1.25053
10.14 -5.60183 -2.6788 -1.01996 -1.3238 -1.66596 -1.25053
10.16 -5.61558 -2.65578 -1.04497 -1.35712 -1.66596 -1.25053
10.18 -5.62907 -2.63184 -1.06998 -1.39044 -1.66596 -1.25053
10.2 -5.64227 -2.60699 -1.09499 -1.42376 -1.66596 -1.25053
10.22 -5.65514 -2.58122 -1.12 -1.45708 -1.66596 -1.25053
10.24 -5.66765 -2.55453 -1.14501 -1.4904 -1.66596 -1.25053
10.26 -5.67975 -2.52693 -1.17002 -1.52371 -1.66596 -1.25053
10.28 -5.69142 -2.49841 -1.19503 -1.55703 -1.66596 -1.25053
10.3 -5.7026 -2.46899 -1.22004 -1.59035 -1.66596 -1.25053
10.32 -5.71326 -2.43868 -1.24505 -1.62367 -1.66596 -1.25053
10.34 -5.72337 -2.40747 -1.27006 -1.65699 -1.66596 -1.25053
10.36 -5.73288 -2.37537 -1.29507 -1.69031 -1.66596 -1.25053
10.38 -5.74176 -2.34241 -1.32009 -1.72363 -1.66596 -1.25053
10.4 -5.74997 -2.30859 -1.3451 -1.75695 -1.66596 -1.25053
10.42 -5.75748 -2.27392 -1.37011 -1.79027 -1.66596 -1.25053
10.44 -5.75771 -2.2741 -1.35535 -1.77724 -1.01476 -0.512895
10.46 -5.76517 -2.23914 -1.36561 -1.79754 -1.01476 -0.512895
10.48 -5.77235 -2.20371 -1.37587 -1.81783 -1.01476 -0.512895
10.5 -5.77925 -2.16781 -1.38613 -1.83813 -1.01476 -0.512895
10.52 -5.78585 -2.13144 -1.39639 -1.85842 -1.01476 -0.512895
10.54 -5.79215 -2.0946 -1.40664 -1.87872 -1.01476 -0.512895
10.56 -5.79813 -2.0573 -1.4169 -1.89901 -1.01476 -0.512895
10.58 -5.80379 -2.01954 -1.42716 -1.91931 -1.01476 -0.512895
10.6 -5.80379 -2.01954 -1.42716 -1.91931 -1.01476 -0.512895
10.62 -5.80911 -1.98132 -1.43742 -1.9396 -1.01476 -0.512895
10.64 -5.8141 -1.94264 -1.44767 -1.9599 -1.01476 -0.512895
10.66 -5.81874 -1.90352 -1.45793 -1.98019 -1.01476 -0.512895
10.68 -5.82302 -1.86394 -1.46819 -2.00049 -1.01476 -0.512895
10.7 -5.82693 -1.82392 -1.47845 -2.02078 -1.01476 -0.512895
10.72 -5.83047 -1.78345 -1.48871 -2.04108 -1.01476 -0.512895
10.74 -5.83362 -1.74255 -1.49896 -2.06137 -1.01476 -0.512895
10.76 -5.83639 -1.70121 -1.50922 -2.08167 -1.01476 -0.512895
10.78 -5.83875 -1.65944 -1.51948 -2.10196 -1.01476 -0.512895
10.8 -5.8407 -1.61725 -1.52974 -2.12226 -1.01476 -0.512895
10.82 -5.84223 -1.57463 -1.54 -2.14256 -1.01476 -0.512895
10.84 -5.84333 -1.53159 -1.55025 -2.16285 -1.01476 -0.512895
10.86 -5.844 -1.48813 -1.56051 -2.18315 -1.01476 -0.512895
10.88 -5.84423 -1.44427 -1.57077 -2.20344 -1.01476 -0.512895
10.9 -5.844 -1.4 -1.58103 -2.22374 -1.01476 -0.512895
10.92 -5.84331 -1.35532 -1.59129 -2.24403 -1.01476 -0.512895
10.94 -5.84216 -1.31026 -1.60154 -2.26433 -1.01476 -0.512895
10.96 -5.84053 -1.2648 -1.6118 -2.28462 -1.01476 -0.512895
10.98 -5.83841 -1.21895 -1.62206 -2.30492 -1.01476 -0.512895
11 -5.8358 -1.17272 -1.63232 -2.32521 -1.01476 -0.512895
11.02 -5.83269 -1.12612 -1.64257 -2.34551 -1.01476 -0.512895
11.04 -5.82907 -1.07914 -1.65283 -2.3658 -1.01476 -0.512895
11.06 -5.82493 -1.03181 -1.66309 -2.3861 -1.01476 -0.512895
11.08 -5.82027 -0.984109 -1.67335 -2.40639 -1.01476 -0.512895
11.1 -5.81508 -0.936059 -1.68361 -2.42669 -1.01476 -0.512895
11.12 -5.80934 -0.887661 -1.69386 -2.44698 -1.01476 -0.512895
11.14 -5.80306 -0.838922 -1.70412 -2.46728 -1.01476 -0.512895
11.16 -5.79622 -0.789848 -1.71438 -2.48757 -1.01476 -0.512895
11.18 -5.78882 -0.740445 -1.72464 -2.50787 -1.01476 -0.512895
11.2 -5.78084 -0.69072 -1.7349 -2.52816 -1.01476 -0.512895
11.22 -5.77229 -0.640679 -1.74515 -2.54846 -1.01476 -0.512895
11.24 -5.76316 -0.590329 -1.75541 -2.56875 -1.01476 -0.512895
11.26 -5.75343 -0.539677 -1.76567 -2.58905 -1.01476 -0.512895
11.28 -5.7431 -0.48873 -1.77593 -2.60934 -1.01476 -0.512895
11.3 -5.73217 -0.437494 -1.78619 -2.62964 -1.01476 -0.512895
11.32 -5.72062 -0.385977 -1.79644 -2.64993 -1.01476 -0.512895
11.34 -5.70845 -0.334187 -1.8067 -2.67023 -1.01476 -0.512895
11.36 -5.69565 -0.282129 -1.81696 -2.69052 -1.01476 -0.512895
11.38 -5.68222 -0.229812 -1.82722 -2.71082 -1.01476 -0.512895
11.4 -5.66844 -0.177175 -1.82649 -2.73029 -0.973445 0.0364055
11.42 -5.6546 -0.124152 -1.82576 -2.74976 -0.973445 0.0364055
11.44 -5.6407 -0.0707408 -1.82503 -2.76922 -0.973445 0.0364055
11.46 -5.62642 -0.0175906 -1.8415 -2.73432 1.74514 -0.823378
11.48 -5.61146 0.0346463 -1.85797 -2.69942 1.74514 -0.823378
11.5 -5.59585 0.0859619 -1.87444 -2.66452 1.74514 -0.823378
11.52 -5.5796 0.136349 -1.8909 -2.62961 1.74514 -0.823378
11.54 -5.56276 0.185801 -1.90737 -2.59471 1.74514 -0.823378
11.56 -5.54483 0.234907 -1.93437 -2.63321 -1.92474 -1.34995
11.58 -5.52529 0.284227 -1.96137 -2.6717 -1.92474 -1.34995
11.6 -5.50413 0.33371 -1.98837 -2.7102 -1.92474 -1.34995
11.62 -5.48132 0.383303 -2.01537 -2.74869 -1.92474 -1.34995
11.64 -5.45684 0.432952 -2.04237 -2.78719 -1.92474 -1.34995
11.66 -5.43067 0.482604 -2.06937 -2.82568 -1.92474 -1.34995
11.68 -5.40279 0.532202 -2.09636 -2.86418 -1.92474 -1.34995
11.7 -5.37318 0.58169 -2.12336 -2.90267 -1.92474 -1.34995
11.72 -5.34184 0.63101 -2.15036 -2.94116 -1.92474 -1.34995
11.74 -5.30875 0.680105 -2.17736 -2.97966 -1.92474 -1.34995
11.76 -5.27429 0.728689 -2.19813 -2.97692 0.137024 -1.03849
11.78 -5.23886 0.776503 -2.2189 -2.97418 0.137024 -1.03849
11.8 -5.20248 0.823527 -2.23967 -2.97144 0.137024 -1.03849
11.82 -5.16516 0.869742 -2.26044 -2.9687 0.137024 -1.03849
11.84 -5.12768 0.915817 -2.24704 -2.97092 -0.110917 0.669932
11.86 -5.09079 0.962424 -2.23364 -2.97313 -0.110917 0.669932
11.88 -5.05488 1.0094 -2.21317 -2.93924 1.69491 1.02354
11.9 -5.02035 1.05655 -2.1927 -2.90534 1.69491 1.02354
11.92 -4.98718 1.10384 -2.17223 -2.87144 1.69491 1.02354
11.94 -4.95536 1.15124 -2.15176 -2.83754 1.69491 1.02354
11.96 -4.92488 1.19871 -2.13129 -2.80364 1.69491 1.02354
11.98 -4.89574 1.24621 -2.11082 -2.76975 1.69491 1.02354
12 -4.86791 1.29372 -2.09035 -2.73585 1.69491 1.02354
12.02 -4.8414 1.34119 -2.06988 -2.70195 1.69491 1.02354
12.04 -4.81618 1.3886 -2.04941 -2.66805 1.69491 1.02354
12.06 -4.79224 1.43591 -2.02894 -2.63415 1.69491 1.02354
12.08 -4.76957 1.48309 -2.00846 -2.60025 1.69491 1.02354
12.1 -4.74816 1.53011 -1.98799 -2.56636 1.69491 1.02354
12.12 -4.72797 1.57693 -1.96752 -2.53246 1.69491 1.02354
12.14 -4.70901 1.62353 -1.94705 -2.49856 1.69491 1.02354
12.16 -4.69124 1.66987 -1.92658 -2.46466 1.69491 1.02354
12.18 -4.67466 1.71593 -1.90611 -2.43076 1.69491 1.02354
12.2 -4.65924 1.76168 -1.88564 -2.39686 1.69491 1.02354
12.22 -4.64497 1.80709 -1.86517 -2.36297 1.69491 1.02354
12.24 -4.63181 1.85212 -1.8447 -2.32907 1.69491 1.02354
12.26 -4.61976 1.89677 -1.82423 -2.29517 1.69491 1.02354
12.28 -4.60879 1.94099 -1.80376 -2.26127 1.69491 1.02354
12.3 -4.59887 1.98477 -1.78329 -2.22737 1.69491 1.02354
12.32 -4.58999 2.02807 -1.76281 -2.19348 1.69491 1.02354
12.34 -4.58212 2.07088 -1.74234 -2.15958 1.69491 1.02354
12.36 -4.57523 2.11318 -1.72187 -2.12568 1.69491 1.02354
12.38 -4.56931 2.15494 -1.7014 -2.09178 1.69491 1.02354
12.4 -4.56433 2.19613 -1.68093 -2.05788 1.69491 1.02354
12.42 -4.56433 2.19613 -1.68093 -2.05788 1.69491 1.02354
12.44 -4.56026 2.23675 -1.66046 -2.02398 1.69491 1.02354
12.46 -4.55707 2.27676 -1.63999 -1.99009 1.69491 1.02354
12.48 -4.55474 2.31615 -1.61952 -1.95619 1.69491 1.02354
12.5 -4.55325 2.35491 -1.59905 -1.92229 1.69491 1.02354
12.52 -4.55256 2.39301 -1.57858 -1.88839 1.69491 1.02354
12.54 -4.55265 2.43044 -1.55811 -1.85449 1.69491 1.02354
12.56 -4.55349 2.46718 -1.53764 -1.8206 1.69491 1.02354
12.58 -4.55349 2.46718 -1.53764 -1.8206 1.69491 1.02354
12.6 -4.55506 2.50322 -1.51717 -1.7867 1.69491 1.02354
12.62 -4.55732 2.53854 -1.49669 -1.7528 1.69491 1.02354
12.64 -4.56024 2.57313 -1.47622 -1.7189 1.69491 1.02354
12.66 -4.5638 2.60698 -1.45575 -1.685 1.69491 1.02354
12.68 -4.56797 2.64008 -1.43528 -1.6511 1.69491 1.02354
12.7 -4.57271 2.67242 -1.41481 -1.61721 1.69491 1.02354
12.72 -4.57801 2.70398 -1.39434 -1.58331 1.69491 1.02354
12.74 -4.57801 2.70398 -1.39434 -1.58331 1.69491 1.02354
12.76 -4.58382 2.73476 -1.37387 -1.54941 1.69491 1.02354
12.78 -4.59012 2.76476 -1.3534 -1.51551 1.69491 1.02354
12.8 -4.59689 2.79396 -1.33293 -1.48161 1.69491 1.02354
12.82 -4.60408 2.82235 -1.31246 -1.44771 1.69491 1.02354
12.84 -4.61167 2.84994 -1.29199 -1.41382 1.69491 1.02354
12.86 -4.61963 2.87672 -1.27152 -1.37992 1.69491 1.02354
12.88 -4.62793 2.90268 -1.25104 -1.34602 1.69491 1.02354
12.9 -4.63655 2.92783 -1.23057 -1.31212 1.69491 1.02354
12.92 -4.64544 2.95216 -1.2101 -1.27822 1.69491 1.02354
12.94 -4.65441 2.97579 -1.20589 -1.24898 1.4623 0.210516
12.96 -4.66326 2.99883 -1.20168 -1.21973 1.4623 0.210516
12.98 -4.67201 3.02129 -1.19747 -1.19049 1.4623 0.210516
13 -4.68063 3.04317 -1.19326 -1.16124 1.4623 0.210516
13.02 -4.68913 3.06447 -1.18905 -1.13199 1.4623 0.210516
13.04 -4.6977 3.08514 -1.16641 -1.10589 1.30525 1.13219
13.06 -4.70652 3.10514 -1.14376 -1.07978 1.30525 1.13219
13.08 -4.71558 3.12445 -1.12112 -1.05368 1.30525 1.13219
13.1 -4.72484 3.14309 -1.09848 -1.02757 1.30525 1.13219
13.12 -4.73427 3.16106 -1.07583 -1.00147 1.30525 1.13219
13.14 -4.74386 3.17835 -1.05319 -0.975365 1.30525 1.13219
13.16 -4.75357 3.19496 -1.03054 -0.94926 1.30525 1.13219
13.18 -4.76338 3.21091 -1.0079 -0.923155 1.30525 1.13219
13.2 -4.77326 3.22619 -0.985257 -0.89705 1.30525 1.13219
13.22 -4.7832 3.24082 -0.962613 -0.870945 1.30525 1.13219
13.24 -4.79316 3.25479 -0.939969 -0.84484 1.30525 1.13219
13.26 -4.80312 3.26811 -0.917326 -0.818735 1.30525 1.13219
13.28 -4.81306 3.28079 -0.894682 -0.79263 1.30525 1.13219
13.3 -4.82295 3.29284 -0.872038 -0.766525 1.30525 1.13219
13.32 -4.83278 3.30427 -0.849394 -0.74042 1.30525 1.13219
13.34 -4.84251 3.31508 -0.82675 -0.714316 1.30525 1.13219
13.36 -4.85212 3.32529 -0.804106 -0.688211 1.30525 1.13219
13.38 -4.8616 3.33491 -0.781462 -0.662106 1.30525 1.13219
13.4 -4.87091 3.34395 -0.758819 -0.636001 1.30525 1.13219
13.42 -4.88005 3.35242 -0.736175 -0.609896 1.30525 1.13219
13.44 -4.88899 3.36034 -0.713531 -0.583791 1.30525 1.13219
13.46 -4.8977 3.36771 -0.690887 -0.557686 1.30525 1.13219
13.48 -4.90617 3.37456 -0.668243 -0.531581 1.30525 1.13219
13.5 -4.91438 3.38089 -0.645599 -0.505476 1.30525 1.13219
13.52 -4.92232 3.38673 -0.622956 -0.479371 1.30525 1.13219
13.54 -4.92995 3.39208 -0.600312 -0.453267 1.30525 1.13219
13.56 -4.93727 3.39697 -0.577668 -0.427162 1.30525 1.13219
13.58 -4.94426 3.40142 -0.555024 -0.401057 1.30525 1.13219
13.6 -4.9509 3.40543 -0.53238 -0.374952 1.30525 1.13219
13.62 -4.95718 3.40904 -0.509736 -0.348847 1.30525 1.13219
13.64 -4.96307 3.41225 -0.487092 -0.322742 1.30525 1.13219
13.66 -4.96858 3.41509 -0.464449 -0.296637 1.30525 1.13219
13.68 -4.97368 3.41757 -0.441805 -0.270532 1.30525 1.13219
13.7 -4.97836 3.41972 -0.419161 -0.244427 1.30525 1.13219
13.72 -4.98261 3.42156 -0.396517 -0.218322 1.30525 1.13219
13.74 -4.98652 3.42314 -0.372501 -0.204238 0.704201 1.2008
13.76 -4.99021 3.42453 -0.348485 -0.190154 0.704201 1.2008
13.78 -4.99367 3.42574 -0.324469 -0.17607 0.704201 1.2008
13.8 -4.99689 3.42678 -0.300453 -0.161986 0.704201 1.2008
13.82 -4.99986 3.42767 -0.276437 -0.147902 0.704201 1.2008
13.84 -5.00258 3.4284 -0.252421 -0.133818 0.704201 1.2008
13.86 -5.00504 3.42901 -0.228405 -0.119734 0.704201 1.2008
13.88 -5.00724 3.42949 -0.204389 -0.10565 0.704201 1.2008
13.9 -5.00917 3.42987 -0.180373 -0.0915662 0.704201 1.2008
13.92 -5.01084 3.43015 -0.156357 -0.0774822 0.704201 1.2008
13.94 -5.01223 3.43036 -0.132341 -0.0633982 0.704201 1.2008
13.96 -5.01335 3.43049 -0.108325 -0.0493142 0.704201 1.2008
13.98 -5.01419 3.43057 -0.0843085 -0.0352302 0.704201 1.2008
14 -5.01476 3.43061 -0.0602925 -0.0211462 0.704201 1.2008
14.02 -5.01504 3.43063 -0.0362764 -0.00706215 0.704201 1.2008
14.04 -5.01504 3.43063 -0.0122604 0.00702187 0.704201 1.2008
14.06 -5.01476 3.43063 0.0117557 0.0211059 0.704201 1.2008
14.08 -5.0142 3.43064 0.0357717 0.0351899 0.704201 1.2008
14.1 -5.01335 3.43068 0.0597878 0.0492739 0.704201 1.2008
14.12 -5.01223 3.43077 0.0838038 0.0633579 0.704201 1.2008
14.14 -5.01083 3.4309 0.10782 0.0774419 0.704201 1.2008
14.16 -5.00915 3.4311 0.131836 0.091526 0.704201 1.2008
14.18 -5.0072 3.43139 0.155852 0.10561 0.704201 1.2008
14.2 -5.00498 3.43176 0.179868 0.119694 0.704201 1.2008
14.22 -5.00249 3.43225 0.203884 0.133778 0.704201 1.2008
14.24 -4.99974 3.43285 0.2279 0.147862 0.704201 1.2008
14.26 -4.99673 3.43359 0.251916 0.161946 0.704201 1.2008
14.28 -4.99326 3.43443 0.223311 0.195488 1.67712 -1.43026
14.3 -4.9891 3.43531 0.194706 0.229031 1.67712 -1.43026
14.32 -4.98427 3.43619 0.166101 0.262573 1.67712 -1.43026
14.34 -4.97874 3.43703 0.137496 0.296115 1.67712 -1.43026
14.36 -4.97253 3.4378 0.10889 0.329658 1.67712 -1.43026
14.38 -4.96564 3.43845 0.0802852 0.3632 1.67712 -1.43026
14.4 -4.95805 3.43895 0.0516801 0.396743 1.67712 -1.43026
14.42 -4.94979 3.43926 0.023075 0.430285 1.67712 -1.43026
14.44 -4.94085 3.43933 -0.00553019 0.463827 1.67712 -1.43026
14.46 -4.93124 3.43914 -0.0341353 0.49737 1.67712 -1.43026
14.48 -4.92097 3.43864 -0.0627405 0.530912 1.67712 -1.43026
14.5 -4.91048 3.43809 -0.043305 0.519107 -0.590255 0.971776
14.52 -4.90022 3.43774 -0.0238695 0.507302 -0.590255 0.971776
14.54 -4.8902 3.4376 -0.00443394 0.495497 -0.590255 0.971776
14.56 -4.88041 3.43765 0.0150016 0.483692 -0.590255 0.971776
14.58 -4.87085 3.43789 0.0344371 0.471887 -0.590255 0.971776
14.6 -4.86154 3.4383 0.0538726 0.460081 -0.590255 0.971776
14.62 -4.85248 3.43887 0.0733081 0.448276 -0.590255 0.971776
14.64 -4.84366 3.43961 0.0927436 0.436471 -0.590255 0.971776
14.66 -4.83509 3.44049 0.112179 0.424666 -0.590255 0.971776
14.68 -4.82678 3.44151 0.131615 0.412861 -0.590255 0.971776
14.7 -4.81859 3.44268 0.153148 0.414386 0.0762286 1.07667
14.72 -4.8104 3.44403 0.174681 0.41591 0.0762286 1.07667
14.74 -4.80221 3.44557 0.196215 0.417435 0.0762286 1.07667
14.76 -4.79403 3.44729 0.217748 0.418959 0.0762286 1.07667
14.78 -4.78585 3.44919 0.239282 0.420484 0.0762286 1.07667
14.8 -4.77769 3.45128 0.260815 0.422008 0.0762286 1.07667
14.82 -4.76954 3.45354 0.282348 0.423533 0.0762286 1.07667
14.84 -4.76142 3.456 0.303882 0.425058 0.0762286 1.07667
14.86 -4.75332 3.45863 0.325415 0.426582 0.0762286 1.07667
14.88 -4.74525 3.46145 0.346948 0.428107 0.0762286 1.07667
14.9 -4.73722 3.46445 0.368482 0.429631 0.0762286 1.07667
14.92 -4.72922 3.46764 0.390015 0.431156 0.0762286 1.07667
14.94 -4.72127 3.47101 0.411549 0.43268 0.0762286 1.07667
14.96 -4.71336 3.47456 0.433082 0.434205 0.0762286 1.07667
14.98 -4.7055 3.4783 0.454615 0.43573 0.0762286 1.07667
15 -4.69754 3.48229 0.474743 0.455245 0.975752 1.00636
15.02 -4.68931 3.48663 0.49487 0.47476 0.975752 1.00636
15.04 -4.68083 3.49132 0.514997 0.494275 0.975752 1.00636
15.06 -4.67211 3.49637 0.535125 0.51379 0.975752 1.00636
15.08 -4.66316 3.5018 0.555252 0.533305 0.975752 1.00636
15.1 -4.65399 3.50762 0.575379 0.55282 0.975752 1.00636
15.12 -4.64461 3.51384 0.595506 0.572335 0.975752 1.00636
15.14 -4.63504 3.52046 0.615634 0.59185 0.975752 1.00636
15.16 -4.62528 3.52751 0.635761 0.611365 0.975752 1.00636
15.18 -4.61536 3.53499 0.655888 0.63088 0.975752 1.00636
15.2 -4.60529 3.5429 0.676016 0.650395 0.975752 1.00636
15.22 -4.59508 3.55127 0.696143 0.66991 0.975752 1.00636
15.24 -4.58473 3.56009 0.71627 0.689425 0.975752 1.00636
15.26 -4.57428 3.56938 0.736397 0.70894 0.975752 1.00636
15.28 -4.56373 3.57914 0.756525 0.728455 0.975752 1.00636
15.3 -4.55309 3.58938 0.776652 0.74797 0.975752 1.00636
15.32 -4.54239 3.60011 0.796779 0.767485 0.975752 1.00636
15.34 -4.53164 3.61134 0.816907 0.787 0.975752 1.00636
15.36 -4.52085 3.62306 0.837034 0.806515 0.975752 1.00636
15.38 -4.51004 3.6353 0.857161 0.82603 0.975752 1.00636
15.4 -4.49923 3.64804 0.877288 0.845545 0.975752 1.00636
15.42 -4.48843 3.66131 0.897416 0.86506 0.975752 1.00636
15.44 -4.47766 3.67509 0.917543 0.884575 0.975752 1.00636
15.46 -4.46675 3.68937 0.919965 0.911833 1.36286 0.121111
15.48 -4.45556 3.70411 0.922387 0.93909 1.36286 0.121111
15.5 -4.44393 3.719 0.893479 0.949852 0.538136 -1.44542
15.52 -4.43175 3.73371 0.86457 0.960615 0.538136 -1.44542
15.54 -4.419 3.74823 0.835662 0.971378 0.538136 -1.44542
15.56 -4.40569 3.76253 0.806754 0.982141 0.538136 -1.44542
15.58 -4.39182 3.77659 0.777845 0.992903 0.538136 -1.44542
15.6 -4.37739 3.79039 0.748937 1.00367 0.538136 -1.44542
15.62 -4.36242 3.80392 0.720028 1.01443 0.538136 -1.44542
15.64 -4.34689 3.81714 0.69112 1.02519 0.538136 -1.44542
15.66 -4.33082 3.83005 0.662211 1.03595 0.538136 -1.44542
15.68 -4.31421 3.84261 0.633303 1.04672 0.538136 -1.44542
15.7 -4.29707 3.85482 0.604394 1.05748 0.538136 -1.44542
15.72 -4.27941 3.86664 0.575486 1.06824 0.538136 -1.44542
15.74 -4.26123 3.87807 0.546578 1.07901 0.538136 -1.44542
15.76 -4.24254 3.88907 0.517669 1.08977 0.538136 -1.44542
15.78 -4.22335 3.89963 0.488761 1.10053 0.538136 -1.44542
15.8 -4.20368 3.90973 0.459852 1.11129 0.538136 -1.44542
15.82 -4.18352 3.91935 0.430944 1.12206 0.538136 -1.44542
15.84 -4.1629 3.92847 0.402035 1.13282 0.538136 -1.44542
15.86 -4.14183 3.93708 0.373127 1.14358 0.538136 -1.44542
15.88 -4.12031 3.94514 0.344218 1.15434 0.538136 -1.44542
15.9 -4.09837 3.95265 0.31531 1.16511 0.538136 -1.44542
15.92 -4.07601 3.95959 0.286402 1.17587 0.538136 -1.44542
15.94 -4.05325 3.96593 0.257493 1.18663 0.538136 -1.44542
15.96 -4.03011 3.97167 0.228585 1.19739 0.538136 -1.44542
15.98 -4.00661 3.97678 0.199676 1.20816 0.538136 -1.44542
16 -3.98275 3.98125 0.170768 1.21892 0.538136 -1.44542
16.02 -3.95857 3.98506 0.141859 1.22968 0.538136 -1.44542
16.04 -3.93407 3.9882 0.112951 1.24045 0.538136 -1.44542
16.06 -3.90927 3.99065 0.0840424 1.25121 0.538136 -1.44542
16.08 -3.8842 3.9924 0.055134 1.26197 0.538136 -1.44542
16.1 -3.85888 3.99343 0.0262256 1.27273 0.538136 -1.44542
16.12 -3.83332 3.99373 -0.0026829 1.2835 0.538136 -1.44542
16.14 -3.80754 3.99329 -0.0315913 1.29426 0.538136 -1.44542
16.16 -3.78158 3.99209 -0.0604998 1.30502 0.538136 -1.44542
16.18 -3.75545 3.99013 -0.0894082 1.31578 0.538136 -1.44542
16.2 -3.72917 3.98739 -0.118317 1.32655 0.538136 -1.44542
16.22 -3.70276 3.98386 -0.147225 1.33731 0.538136 -1.44542
16.24 -3.67626 3.97954 -0.176134 1.34807 0.538136 -1.44542
16.26 -3.64968 3.97441 -0.205042 1.35884 0.538136 -1.44542
16.28 -3.62305 3.96847 -0.23395 1.3696 0.538136 -1.44542
16.3 -3.5964 3.96171 -0.262859 1.38036 0.538136 -1.44542
16.32 -3.56974 3.95412 -0.291767 1.39112 0.538136 -1.44542
16.34 -3.54311 3.9457 -0.320676 1.40189 0.538136 -1.44542
16.36 -3.51654 3.93644 -0.349584 1.41265 0.538136 -1.44542
16.38 -3.49004 3.92634 -0.378493 1.42341 0.538136 -1.44542
16.4 -3.46312 3.91595 -0.358568 1.462 1.92939 0.996223
16.42 -3.43527 3.90583 -0.338644 1.50059 1.92939 0.996223
16.44 -3.4065 3.89602 -0.318719 1.53918 1.92939 0.996223
16.46 -3.37681 3.88655 -0.298795 1.57776 1.92939 0.996223
16.48 -3.34619 3.87745 -0.27887 1.61635 1.92939 0.996223
16.5 -3.31465 3.86876 -0.258946 1.65494 1.92939 0.996223
16.52 -3.2822 3.86051 -0.239022 1.69353 1.92939 0.996223
16.54 -3.24884 3.85274 -0.219097 1.73211 1.92939 0.996223
16.56 -3.21458 3.84547 -0.199173 1.7707 1.92939 0.996223
16.58 -3.17942 3.83873 -0.179248 1.80929 1.92939 0.996223
16.6 -3.14337 3.83257 -0.159324 1.84788 1.92939 0.996223
16.62 -3.10644 3.82702 -0.139399 1.88646 1.92939 0.996223
16.64 -3.06864 3.8221 -0.119475 1.92505 1.92939 0.996223
16.66 -3.02999 3.81785 -0.0995504 1.96364 1.92939 0.996223
16.68 -2.99049 3.8143 -0.0796259 2.00223 1.92939 0.996223
16.7 -2.95016 3.81149 -0.0597015 2.04082 1.92939 0.996223
16.72 -2.90901 3.80944 -0.039777 2.0794 1.92939 0.996223
16.74 -2.86705 3.80819 -0.0198526 2.11799 1.92939 0.996223
16.76 -2.82431 3.80777 7.18534e-05 2.15658 1.92939 0.996223
16.78 -2.7808 3.80821 0.0199963 2.19517 1.92939 0.996223
16.8 -2.73653 3.80954 0.0399208 2.23375 1.92939 0.996223
16.82 -2.69186 3.81109 0.0295327 2.23592 0.108067 -0.519404
16.84 -2.64713 3.81218 0.0191446 2.23808 0.108067 -0.519404
16.86 -2.60235 3.8128 0.00875653 2.24024 0.108067 -0.519404
16.88 -2.55753 3.81296 -0.00163154 2.2424 0.108067 -0.519404
16.9 -2.51266 3.81266 -0.0120196 2.24456 0.108067 -0.519404
16.92 -2.46775 3.81188 -0.0224077 2.24672 0.108067 -0.519404
16.94 -2.42281 3.81064 -0.0327958 2.24888 0.108067 -0.519404
16.96 -2.37785 3.80893 -0.0431838 2.25105 0.108067 -0.519404
16.98 -2.33286 3.80676 -0.0535719 2.25321 0.108067 -0.519404
17 -2.28785 3.80411 -0.06396 2.25537 0.108067 -0.519404
17.02 -2.24283 3.80099 -0.0743481 2.25753 0.108067 -0.519404
17.04 -2.1978 3.7974 -0.0847361 2.25969 0.108067 -0.519404
17.06 -2.15277 3.79334 -0.0951242 2.26185 0.108067 -0.519404
17.08 -2.10774 3.78881 -0.105512 2.26401 0.108067 -0.519404
17.1 -2.06271 3.7838 -0.1159 2.26617 0.108067 -0.519404
17.12 -2.0177 3.77832 -0.126288 2.26834 0.108067 -0.519404
17.14 -1.9727 3.77237 -0.136676 2.2705 0.108067 -0.519404
17.16 -1.92773 3.76595 -0.147065 2.27266 0.108067 -0.519404
17.18 -1.88278 3.75905 -0.157453 2.27482 0.108067 -0.519404
17.2 -1.83786 3.75168 -0.167841 2.27698 0.108067 -0.519404
17.22 -1.79298 3.74384 -0.178229 2.27914 0.108067 -0.519404
17.24 -1.74814 3.73552 -0.188617 2.2813 0.108067 -0.519404
17.26 -1.70335 3.72673 -0.199005 2.28347 0.108067 -0.519404
17.28 -1.65861 3.71746 -0.209393 2.28563 0.108067 -0.519404
17.3 -1.61392 3.70772 -0.219781 2.28779 0.108067 -0.519404
17.32 -1.5693 3.69751 -0.230169 2.28995 0.108067 -0.519404
17.34 -1.52474 3.68683 -0.240557 2.29211 0.108067 -0.519404
17.36 -1.48026 3.67567 -0.250945 2.29427 0.108067 -0.519404
17.38 -1.43585 3.66404 -0.261333 2.29643 0.108067 -0.519404
17.4 -1.39152 3.65193 -0.271721 2.29859 0.108067 -0.519404
17.42 -1.34728 3.63936 -0.28211 2.30076 0.108067 -0.519404
17.44 -1.30313 3.62632 -0.292498 2.30292 0.108067 -0.519404
17.46 -1.25908 3.6128 -0.302886 2.30508 0.108067 -0.519404
17.48 -1.21513 3.59881 -0.313274 2.30724 0.108067 -0.519404
17.5 -1.17128 3.58436 -0.323662 2.3094 0.108067 -0.519404
17.52 -1.12755 3.56943 -0.33405 2.31156 0.108067 -0.519404
17.54 -1.08393 3.55404 -0.344438 2.31372 0.108067 -0.519404
17.56 -1.04044 3.53818 -0.354826 2.31589 0.108067 -0.519404
17.58 -0.997068 3.52186 -0.365214 2.31805 0.108067 -0.519404
17.6 -0.953832 3.50507 -0.375602 2.32021 0.108067 -0.519404
17.62 -0.910732 3.48781 -0.38599 2.32237 0.108067 -0.519404
17.64 -0.867773 3.4701 -0.396378 2.32453 0.108067 -0.519404
17.66 -0.824961 3.45192 -0.406766 2.32669 0.108067 -0.519404
17.68 -0.782301 3.43328 -0.417154 2.32885 0.108067 -0.519404
17.7 -0.739797 3.41417 -0.427543 2.33101 0.108067 -0.519404
17.72 -0.697304 3.39552 -0.399615 2.30977 -1.06202 1.39639
17.74 -0.6547 3.37823 -0.371687 2.28853 -1.06202 1.39639
17.76 -0.612027 3.36227 -0.343759 2.26729 -1.06202 1.39639
17.78 -0.569046 3.34745 -0.320499 2.27942 0.606196 1.16303
17.8 -0.5255 3.33356 -0.297238 2.29154 0.606196 1.16303
17.82 -0.48141 3.32061 -0.273978 2.30367 0.606196 1.16303
17.84 -0.436797 3.30863 -0.250717 2.31579 0.606196 1.16303
17.86 -0.391682 3.29763 -0.227457 2.32791 0.606196 1.16303
17.88 -0.346086 3.28764 -0.204196 2.34004 0.606196 1.16303
17.9 -0.300033 3.27866 -0.180936 2.35216 0.606196 1.16303
17.92 -0.253543 3.27071 -0.157675 2.36429 0.606196 1.16303
17.94 -0.206642 3.26381 -0.134414 2.37641 0.606196 1.16303
17.96 -0.159352 3.25798 -0.111154 2.38853 0.606196 1.16303
17.98 -0.111699 3.25322 -0.0878935 2.40066 0.606196 1.16303
18 -0.0637051 3.24955 -0.064633 2.41278 0.606196 1.16303
18.02 -0.0153972 3.24699 -0.0413724 2.4249 0.606196 1.16303
18.04 0.0331995 3.24555 -0.0181119 2.43703 0.606196 1.16303
18.06 0.0820592 3.24523 0.00514857 2.44915 0.606196 1.16303
18.08 0.131155 3.24605 0.0284091 2.46128 0.606196 1.16303
18.1 0.180462 3.24803 0.0516696 2.4734 0.606196 1.16303
18.12 0.22995 3.25117 0.0749301 2.48552 0.606196 1.16303
18.14 0.279594 3.25548 0.0981906 2.49765 0.606196 1.16303
18.16 0.329366 3.26096 0.121451 2.50977 0.606196 1.16303
18.18 0.379236 3.26764 0.144712 2.5219 0.606196 1.16303
18.2 0.429266 3.27479 0.139166 2.53189 0.499519 -0.277259
18.22 0.478998 3.28208 0.151814 2.4945 -1.86942 0.632369
18.24 0.527896 3.28987 0.164461 2.45711 -1.86942 0.632369
18.26 0.575955 3.29816 0.177109 2.41972 -1.86942 0.632369
18.28 0.62317 3.30692 0.189756 2.38233 -1.86942 0.632369
18.3 0.669537 3.31613 0.202403 2.34494 -1.86942 0.632369
18.32 0.715052 3.32577 0.215051 2.30756 -1.86942 0.632369
18.34 0.759712 3.33582 0.227698 2.27017 -1.86942 0.632369
18.36 0.803514 3.34626 0.240346 2.23278 -1.86942 0.632369
18.38 0.846455 3.35707 0.252993 2.19539 -1.86942 0.632369
18.4 0.888533 3.36823 0.26564 2.158 -1.86942 0.632369
18.42 0.888964 3.36825 0.261243 2.20007 0.233938 0.412483
18.44 0.93147 3.3798 0.269492 2.20475 0.233938 0.412483
18.46 0.97397 3.39173 0.277742 2.20943 0.233938 0.412483
18.48 1.01646 3.40403 0.285992 2.21411 0.233938 0.412483
18.5 1.05894 3.41671 0.294241 2.21878 0.233938 0.412483
18.52 1.1014 3.42977 0.302491 2.22346 0.233938 0.412483
18.54 1.14384 3.44321 0.310741 2.22814 0.233938 0.412483
18.56 1.18625 3.45702 0.31899 2.23282 0.233938 0.412483
18.58 1.22864 3.47122 0.32724 2.2375 0.233938 0.412483
18.6 1.271 3.48579 0.335489 2.24218 0.233938 0.412483
18.62 1.31333 3.50075 0.343739 2.24686 0.233938 0.412483
18.64 1.35562 3.51608 0.351989 2.25154 0.233938 0.412483
18.66 1.39787 3.5318 0.360238 2.25621 0.233938 0.412483
18.68 1.44007 3.54789 0.368488 2.26089 0.233938 0.412483
18.7 1.48223 3.56437 0.376738 2.26557 0.233938 0.412483
18.72 1.52434 3.58123 0.384987 2.27025 0.233938 0.412483
18.74 1.56639 3.59848 0.393237 2.27493 0.233938 0.412483
18.76 1.60839 3.6161 0.401487 2.27961 0.233938 0.412483
18.78 1.65032 3.63411 0.409736 2.28429 0.233938 0.412483
18.8 1.6922 3.6525 0.417986 2.28897 0.233938 0.412483
18.82 1.734 3.67127 0.426236 2.29364 0.233938 0.412483
18.84 1.77573 3.69043 0.434485 2.29832 0.233938 0.412483
18.86 1.81739 3.70997 0.442735 2.303 0.233938 0.412483
18.88 1.85897 3.7299 0.450985 2.30768 0.233938 0.412483
18.9 1.90047 3.75021 0.459234 2.31236 0.233938 0.412483
18.92 1.94188 3.7709 0.467484 2.31704 0.233938 0.412483
18.94 1.98374 3.79152 0.448159 2.34999 1.64764 -0.966268
18.96 2.02659 3.81162 0.428833 2.38294 1.64764 -0.966268
18.98 2.07043 3.83115 0.409508 2.4159 1.64764 -0.966268
19 2.11524 3.85008 0.390183 2.44885 1.64764 -0.966268
19.02 2.16102 3.86839 0.370857 2.4818 1.64764 -0.966268
19.04 2.20776 3.88605 0.351532 2.51475 1.64764 -0.966268
19.06 2.25545 3.90302 0.332207 2.54771 1.64764 -0.966268
19.08 2.30409 3.91928 0.312881 2.58066 1.64764 -0.966268
19.1 2.35366 3.93478 0.293556 2.61361 1.64764 -0.966268
19.12 2.40416 3.94952 0.27423 2.64657 1.64764 -0.966268
19.14 2.45557 3.96344 0.254905 2.67952 1.64764 -0.966268
19.16 2.50787 3.97653 0.23558 2.71247 1.64764 -0.966268
19.18 2.56106 3.98876 0.216254 2.74542 1.64764 -0.966268
19.2 2.61513 4.00009 0.196929 2.77838 1.64764 -0.966268
19.22 2.67005 4.01049 0.177604 2.81133 1.64764 -0.966268
19.24 2.72581 4.01994 0.158278 2.84428 1.64764 -0.966268
19.26 2.78239 4.02842 0.138953 2.87724 1.64764 -0.966268
19.28 2.83978 4.03588 0.119628 2.91019 1.64764 -0.966268
19.3 2.89796 4.0423 0.100302 2.94314 1.64764 -0.966268
19.32 2.95691 4.04766 0.0809769 2.97609 1.64764 -0.966268
19.34 3.01581 4.05319 0.106623 2.94021 -1.7944 1.28233
19.36 3.07384 4.06016 0.13227 2.90432 -1.7944 1.28233
19.38 3.13096 4.0685 0.157917 2.86843 -1.7944 1.28233
19.4 3.18713 4.07819 0.183563 2.83254 -1.7944 1.28233
19.42 3.24234 4.08917 0.20921 2.79665 -1.7944 1.28233
19.44 3.29655 4.10141 0.234856 2.76077 -1.7944 1.28233
19.46 3.34973 4.11485 0.260503 2.72488 -1.7944 1.28233
19.48 3.40186 4.12946 0.286149 2.68899 -1.7944 1.28233
19.5 3.45291 4.1452 0.311796 2.6531 -1.7944 1.28233
19.52 3.50286 4.162 0.337442 2.61721 -1.7944 1.28233
19.54 3.55224 4.17865 0.312747 2.59405 -1.15822 -1.23477
19.56 3.60158 4.19393 0.288052 2.57088 -1.15822 -1.23477
19.58 3.65083 4.20787 0.263356 2.54772 -1.15822 -1.23477
19.6 3.69996 4.22047 0.238661 2.52456 -1.15822 -1.23477
19.62 3.74894 4.23175 0.213966 2.50139 -1.15822 -1.23477
19.64 3.79772 4.24172 0.18927 2.47823 -1.15822 -1.23477
19.66 3.84629 4.2504 0.164575 2.45506 -1.15822 -1.23477
19.68 3.89459 4.25781 0.13988 2.4319 -1.15822 -1.23477
19.7 3.9426 4.26397 0.115184 2.40873 -1.15822 -1.23477
19.72 3.99029 4.26889 0.0904892 2.38557 -1.15822 -1.23477
19.74 4.03762 4.2726 0.0657939 2.3624 -1.15822 -1.23477
19.76 4.08457 4.27511 0.0410986 2.33924 -1.15822 -1.23477
19.78 4.1311 4.27645 0.0164033 2.31608 -1.15822 -1.23477
19.8 4.17719 4.27664 -0.00829204 2.29291 -1.15822 -1.23477
19.82 4.22281 4.2757 -0.0329873 2.26975 -1.15822 -1.23477
19.84 4.26792 4.27365 -0.0576826 2.24658 -1.15822 -1.23477
19.86 4.31251 4.27053 -0.0823779 2.22342 -1.15822 -1.23477
19.88 4.35655 4.26634 -0.107073 2.20025 -1.15822 -1.23477
19.9 4.40001 4.26113 -0.131769 2.17709 -1.15822 -1.23477
19.92 4.44287 4.25491 -0.156464 2.15392 -1.15822 -1.23477
19.94 4.48511 4.24771 -0.181159 2.13076 -1.15822 -1.23477
19.96 4.5267 4.23956 -0.205854 2.1076 -1.15822 -1.23477
19.98 4.56762 4.23049 -0.23055 2.08443 -1.15822 -1.23477
20 4.60786 4.22052 -0.255245 2.06127 -1.15822 -1.23477
20.02 4.6474 4.20968 -0.27994 2.0381 -1.15822 -1.23477
20.04 4.68621 4.198 -0.304636 2.01494 -1.15822 -1.23477
20.06 4.72428 4.18552 -0.329331 1.99177 -1.15822 -1.23477
20.08 4.76159 4.17225 -0.354026 1.96861 -1.15822 -1.23477
20.1 4.79813 4.15823 -0.378722 1.94544 -1.15822 -1.23477
20.12 4.83389 4.14349 -0.403417 1.92228 -1.15822 -1.23477
20.14 4.86885 4.12805 -0.428112 1.89911 -1.15822 -1.23477
20.16 4.903 4.11196 -0.452807 1.87595 -1.15822 -1.23477
20.18 4.93632 4.09523 -0.477503 1.85279 -1.15822 -1.23477
20.2 4.96881 4.07791 -0.502198 1.82962 -1.15822 -1.23477
20.22 5.00047 4.06002 -0.526893 1.80646 -1.15822 -1.23477
20.24 5.03127 4.04159 -0.551589 1.78329 -1.15822 -1.23477
20.26 5.06122 4.02265 -0.576284 1.76013 -1.15822 -1.23477
20.28 5.0903 4.00323 -0.600979 1.73696 -1.15822 -1.23477
20.3 5.11852 3.98337 -0.625675 1.7138 -1.15822 -1.23477
20.32 5.14587 3.96309 -0.65037 1.69063 -1.15822 -1.23477
20.34 5.17234 3.94244 -0.675065 1.66747 -1.15822 -1.23477
20.36 5.19794 3.92142 -0.699761 1.64431 -1.15822 -1.23477
20.38 5.22266 3.90009 -0.724456 1.62114 -1.15822 -1.23477
20.4 5.2465 3.87846 -0.749151 1.59798 -1.15822 -1.23477
20.42 5.26946 3.85657 -0.773846 1.57481 -1.15822 -1.23477
20.44 5.29155 3.83444 -0.798542 1.55165 -1.15822 -1.23477
20.46 5.31277 3.81212 -0.823237 1.52848 -1.15822 -1.23477
20.48 5.33312 3.78961 -0.847932 1.50532 -1.15822 -1.23477
20.5 5.3526 3.76697 -0.872628 1.48215 -1.15822 -1.23477
20.52 5.37123 3.74421 -0.897323 1.45899 -1.15822 -1.23477
20.52 5.37123 3.74421 -0.897323 1.45899 0 0
