0 -6 -4 0 0 0 0
0.02 -5.99996 -4 0.0115625 0.00409433 0.204716 0.578127
0.04 -5.99984 -4 0.0231251 0.00818865 0.204716 0.578127
0.06 -5.99963 -3.99999 0.0346876 0.012283 0.204716 0.578127
0.08 -5.99935 -3.99998 0.0462502 0.0163773 0.204716 0.578127
0.1 -5.99898 -3.99996 0.0578127 0.0204716 0.204716 0.578127
0.12 -5.99853 -3.99993 0.0693753 0.024566 0.204716 0.578127
0.14 -5.998 -3.99989 0.0809378 0.0286603 0.204716 0.578127
0.16 -5.99739 -3.99984 0.0925004 0.0327546 0.204716 0.578127
0.18 -5.99669 -3.99977 0.104063 0.0368489 0.204716 0.578127
0.2 -5.99592 -3.99968 0.115625 0.0409433 0.204716 0.578127
0.22 -5.99507 -3.99958 0.127188 0.0450376 0.204716 0.578127
0.24 -5.99413 -3.99946 0.138751 0.0491319 0.204716 0.578127
0.26 -5.99312 -3.99931 0.150313 0.0532263 0.204716 0.578127
0.28 -5.99203 -3.99914 0.161876 0.0573206 0.204716 0.578127
0.3 -5.99086 -3.99894 0.173438 0.0614149 0.204716 0.578127
0.32 -5.98961 -3.99871 0.185001 0.0655092 0.204716 0.578127
0.34 -5.98828 -3.99846 0.196563 0.0696036 0.204716 0.578127
0.36 -5.98688 -3.99817 0.208126 0.0736979 0.204716 0.578127
0.38 -5.9854 -3.99785 0.219688 0.0777922 0.204716 0.578127
0.4 -5.98384 -3.99749 0.231251 0.0818865 0.204716 0.578127
0.42 -5.98221 -3.99709 0.242814 0.0859809 0.204716 0.578127
0.44 -5.9805 -3.99666 0.254376 0.0900752 0.204716 0.578127
0.46 -5.97872 -3.99619 0.265939 0.0941695 0.204716 0.578127
0.48 -5.97687 -3.99567 0.277501 0.0982638 0.204716 0.578127
0.5 -5.97494 -3.99511 0.289064 0.102358 0.204716 0.578127
0.52 -5.97294 -3.9945 0.300626 0.106453 0.204716 0.578127
0.54 -5.97088 -3.99385 0.312189 0.110547 0.204716 0.578127
0.56 -5.96874 -3.99314 0.323751 0.114641 0.204716 0.578127
0.58 -5.96653 -3.99239 0.335314 0.118735 0.204716 0.578127
0.6 -5.96425 -3.99158 0.346876 0.12283 0.204716 0.578127
0.62 -5.96191 -3.99072 0.358439 0.126924 0.204716 0.578127
0.64 -5.9595 -3.9898 0.370002 0.131018 0.204716 0.578127
0.66 -5.95702 -3.98882 0.381564 0.135113 0.204716 0.578127
0.68 -5.95448 -3.98779 0.393127 0.139207 0.204716 0.578127
0.7 -5.95188 -3.98669 0.404689 0.143301 0.204716 0.578127
0.72 -5.94921 -3.98553 0.416252 0.147396 0.204716 0.578127
0.74 -5.94649 -3.9843 0.427814 0.15149 0.204716 0.578127
0.76 -5.9437 -3.98301 0.439377 0.155584 0.204716 0.578127
0.78 -5.94086 -3.98166 0.450939 0.159679 0.204716 0.578127
0.8 -5.93795 -3.98023 0.462502 0.163773 0.204716 0.578127
0.82 -5.93499 -3.97873 0.474065 0.167867 0.204716 0.578127
0.84 -5.93198 -3.97716 0.485627 0.171962 0.204716 0.578127
0.86 -5.92891 -3.97552 0.49719 0.176056 0.204716 0.578127
0.88 -5.92579 -3.9738 0.508752 0.18015 0.204716 0.578127
0.9 -5.92262 -3.97201 0.520315 0.184245 0.204716 0.578127
0.92 -5.9194 -3.97014 0.531877 0.188339 0.204716 0.578127
0.94 -5.91613 -3.96819 0.54344 0.192433 0.204716 0.578127
0.96 -5.91281 -3.96616 0.555002 0.196528 0.204716 0.578127
0.98 -5.90944 -3.96405 0.566565 0.200622 0.204716 0.578127
1 -5.90604 -3.96185 0.578127 0.204716 0.204716 0.578127
1.02 -5.90263 -3.95961 0.585176 0.203107 -0.0804786 0.352443
1.04 -5.89926 -3.95736 0.592225 0.201497 -0.0804786 0.352443
1.06 -5.89594 -3.95511 0.599274 0.199888 -0.0804786 0.352443
1.08 -5.89266 -3.95286 0.606323 0.198278 -0.0804786 0.352443
1.1 -5.88942 -3.95059 0.613372 0.196668 -0.0804786 0.352443
1.12 -5.88623 -3.94833 0.620421 0.195059 -0.0804786 0.352443
1.14 -5.88308 -3.94606 0.627469 0.193449 -0.0804786 0.352443
1.16 -5.87997 -3.94378 0.634518 0.19184 -0.0804786 0.352443
1.18 -5.8769 -3.94151 0.641567 0.19023 -0.0804786 0.352443
1.2 -5.87387 -3.93923 0.648616 0.188621 -0.0804786 0.352443
1.22 -5.87088 -3.93695 0.655665 0.187011 -0.0804786 0.352443
1.24 -5.86794 -3.93467 0.662714 0.185401 -0.0804786 0.352443
1.26 -5.86504 -3.93239 0.669763 0.183792 -0.0804786 0.352443
1.28 -5.86218 -3.93011 0.676811 0.182182 -0.0804786 0.352443
1.3 -5.85936 -3.92782 0.68386 0.180573 -0.0804786 0.352443
1.32 -5.85658 -3.92554 0.690909 0.178963 -0.0804786 0.352443
1.34 -5.85384 -3.92326 0.697958 0.177354 -0.0804786 0.352443
1.36 -5.85114 -3.92098 0.705007 0.175744 -0.0804786 0.352443
1.38 -5.84817 -3.91846 0.706403 0.214179 1.92174 0.0697944
1.4 -5.84463 -3.91542 0.707799 0.252614 1.92174 0.0697944
1.42 -5.8405 -3.91189 0.709195 0.291048 1.92174 0.0697944
1.44 -5.83579 -3.90784 0.71059 0.329483 1.92174 0.0697944
1.46 -5.83051 -3.90329 0.711986 0.367918 1.92174 0.0697944
1.48 -5.82465 -3.89823 0.713382 0.406353 1.92174 0.0697944
1.5 -5.81822 -3.89265 0.714778 0.444787 1.92174 0.0697944
1.52 -5.81121 -3.88656 0.716174 0.483222 1.92174 0.0697944
1.54 -5.80364 -3.87996 0.71757 0.521657 1.92174 0.0697944
1.56 -5.79563 -3.87318 0.687974 0.527377 0.285994 -1.47981
1.58 -5.78734 -3.86657 0.658377 0.533097 0.285994 -1.47981
1.6 -5.77877 -3.86014 0.628781 0.538817 0.285994 -1.47981
1.62 -5.76991 -3.8539 0.599185 0.544536 0.285994 -1.47981
1.64 -5.76078 -3.84786 0.569589 0.550256 0.285994 -1.47981
1.66 -5.75138 -3.84203 0.539992 0.555976 0.285994 -1.47981
1.68 -5.74171 -3.83643 0.510396 0.561696 0.285994 -1.47981
1.7 -5.73178 -3.83106 0.4808 0.567416 0.285994 -1.47981
1.72 -5.72159 -3.82593 0.451203 0.573136 0.285994 -1.47981
1.74 -5.71115 -3.82107 0.421607 0.578856 0.285994 -1.47981
1.76 -5.70046 -3.81646 0.392011 0.584576 0.285994 -1.47981
1.78 -5.68954 -3.81214 0.362415 0.590295 0.285994 -1.47981
1.8 -5.67839 -3.80809 0.332818 0.596015 0.285994 -1.47981
1.82 -5.66725 -3.80438 0.310874 0.577593 -0.9211 -1.09723
1.84 -5.65639 -3.80102 0.288929 0.559171 -0.9211 -1.09723
1.86 -5.64582 -3.798 0.266985 0.540749 -0.9211 -1.09723
1.88 -5.63553 -3.79531 0.24504 0.522327 -0.9211 -1.09723
1.9 -5.62555 -3.79293 0.223095 0.503905 -0.9211 -1.09723
1.92 -5.61588 -3.79085 0.201151 0.485483 -0.9211 -1.09723
1.94 -5.60636 -3.78892 0.199246 0.485731 0.0123891 -0.0952502
1.96 -5.59684 -3.787 0.197341 0.485979 0.0123891 -0.0952502
1.98 -5.5873 -3.7851 0.195436 0.486227 0.0123891 -0.0952502
2 -5.57776 -3.78322 0.193531 0.486474 0.0123891 -0.0952502
2.02 -5.5682 -3.78136 0.191626 0.486722 0.0123891 -0.0952502
2.04 -5.55864 -3.77952 0.189721 0.48697 0.0123891 -0.0952502
2.06 -5.54908 -3.77769 0.187816 0.487218 0.0123891 -0.0952502
2.08 -5.5395 -3.77588 0.185911 0.487466 0.0123891 -0.0952502
2.1 -5.52991 -3.77408 0.184006 0.487713 0.0123891 -0.0952502
2.12 -5.52032 -3.77231 0.182101 0.487961 0.0123891 -0.0952502
2.14 -5.51072 -3.77055 0.180196 0.488209 0.0123891 -0.0952502
2.16 -5.50111 -3.76881 0.178291 0.488457 0.0123891 -0.0952502
2.18 -5.49149 -3.76708 0.176386 0.488704 0.0123891 -0.0952502
2.2 -5.48186 -3.76538 0.174481 0.488952 0.0123891 -0.0952502
2.22 -5.47223 -3.76369 0.172576 0.4892 0.0123891 -0.0952502
2.24 -5.46258 -3.76202 0.170671 0.489448 0.0123891 -0.0952502
2.26 -5.45293 -3.76036 0.168766 0.489696 0.0123891 -0.0952502
2.28 -5.44328 -3.75873 0.166861 0.489943 0.0123891 -0.0952502
2.3 -5.43361 -3.75711 0.164956 0.490191 0.0123891 -0.0952502
2.32 -5.42393 -3.75551 0.163051 0.490439 0.0123891 -0.0952502
2.34 -5.41425 -3.75392 0.161146 0.490687 0.0123891 -0.0952502
2.36 -5.40456 -3.75236 0.159241 0.490934 0.0123891 -0.0952502
2.38 -5.39486 -3.75081 0.157336 0.491182 0.0123891 -0.0952502
2.4 -5.38516 -3.74928 0.155431 0.49143 0.0123891 -0.0952502
2.42 -5.37544 -3.74777 0.153526 0.491678 0.0123891 -0.0952502
2.44 -5.36572 -3.74627 0.151621 0.491926 0.0123891 -0.0952502
2.46 -5.35599 -3.7448 0.149716 0.492173 0.0123891 -0.0952502
2.48 -5.34625 -3.74334 0.147811 0.492421 0.0123891 -0.0952502
2.5 -5.33651 -3.74189 0.145906 0.492669 0.0123891 -0.0952502
2.52 -5.32676 -3.74047 0.144001 0.492917 0.0123891 -0.0952502
2.54 -5.317 -3.73907 0.142096 0.493164 0.0123891 -0.0952502
2.56 -5.30723 -3.73768 0.140191 0.493412 0.0123891 -0.0952502
2.58 -5.29745 -3.73631 0.138286 0.49366 0.0123891 -0.0952502
2.6 -5.28767 -3.73496 0.136381 0.493908 0.0123891 -0.0952502
2.62 -5.27788 -3.73362 0.134476 0.494156 0.0123891 -0.0952502
2.64 -5.26808 -3.73231 0.132571 0.494403 0.0123891 -0.0952502
2.66 -5.25828 -3.73101 0.130666 0.494651 0.0123891 -0.0952502
2.68 -5.24847 -3.72973 0.128761 0.494899 0.0123891 -0.0952502
2.7 -5.23884 -3.72839 0.147725 0.476423 -0.923816 0.948221
2.72 -5.22962 -3.72693 0.16669 0.457946 -0.923816 0.948221
2.74 -5.22078 -3.72536 0.185654 0.43947 -0.923816 0.948221
2.76 -5.21234 -3.72369 0.204618 0.420994 -0.923816 0.948221
2.78 -5.20429 -3.72194 0.223583 0.402517 -0.923816 0.948221
2.8 -5.19664 -3.72012 0.242547 0.384041 -0.923816 0.948221
2.82 -5.18938 -3.71825 0.261512 0.365565 -0.923816 0.948221
2.84 -5.18251 -3.71635 0.280476 0.347088 -0.923816 0.948221
2.86 -5.17604 -3.71442 0.299441 0.328612 -0.923816 0.948221
2.88 -5.16995 -3.71247 0.318405 0.310136 -0.923816 0.948221
2.9 -5.16426 -3.71054 0.337369 0.291659 -0.923816 0.948221
2.92 -5.15894 -3.70862 0.356334 0.273183 -0.923816 0.948221
2.94 -5.15401 -3.70673 0.375298 0.254707 -0.923816 0.948221
2.96 -5.14946 -3.70489 0.394263 0.23623 -0.923816 0.948221
2.98 -5.14529 -3.7031 0.413227 0.217754 -0.923816 0.948221
3 -5.14149 -3.70139 0.432192 0.199278 -0.923816 0.948221
3.02 -5.13805 -3.69977 0.451156 0.180801 -0.923816 0.948221
3.04 -5.13498 -3.69824 0.47012 0.162325 -0.923816 0.948221
3.06 -5.13226 -3.69683 0.489085 0.143849 -0.923816 0.948221
3.08 -5.12989 -3.69555 0.508049 0.125372 -0.923816 0.948221
3.1 -5.12788 -3.6944 0.527014 0.106896 -0.923816 0.948221
3.12 -5.1262 -3.6934 0.545978 0.0884198 -0.923816 0.948221
3.14 -5.12485 -3.69256 0.564942 0.0699435 -0.923816 0.948221
3.16 -5.12383 -3.69191 0.583907 0.0514671 -0.923816 0.948221
3.18 -5.12313 -3.69143 0.602871 0.0329908 -0.923816 0.948221
3.2 -5.12274 -3.69116 0.621836 0.0145145 -0.923816 0.948221
3.22 -5.12266 -3.6911 0.6408 -0.00396185 -0.923816 0.948221
3.24 -5.12287 -3.69126 0.659765 -0.0224382 -0.923816 0.948221
3.26 -5.12336 -3.69165 0.678729 -0.0409145 -0.923816 0.948221
3.28 -5.12414 -3.69229 0.697693 -0.0593908 -0.923816 0.948221
3.3 -5.12518 -3.69318 0.716658 -0.0778672 -0.923816 0.948221
3.32 -5.12648 -3.69434 0.735622 -0.0963435 -0.923816 0.948221
3.34 -5.12803 -3.69577 0.754587 -0.11482 -0.923816 0.948221
3.36 -5.12982 -3.69749 0.773551 -0.133296 -0.923816 0.948221
3.38 -5.13184 -3.6995 0.792516 -0.151772 -0.923816 0.948221
3.4 -5.13408 -3.70182 0.81148 -0.170249 -0.923816 0.948221
3.42 -5.13653 -3.70444 0.830444 -0.188725 -0.923816 0.948221
3.44 -5.13917 -3.70739 0.849409 -0.207201 -0.923816 0.948221
3.46 -5.142 -3.71067 0.868373 -0.225678 -0.923816 0.948221
3.48 -5.145 -3.71428 0.887338 -0.244154 -0.923816 0.948221
3.5 -5.14816 -3.71824 0.906302 -0.26263 -0.923816 0.948221
3.52 -5.15122 -3.72222 0.925236 -0.239321 1.16545 0.946714
3.54 -5.15393 -3.72589 0.944171 -0.216012 1.16545 0.946714
3.56 -5.15629 -3.72922 0.963105 -0.192703 1.16545 0.946714
3.58 -5.15833 -3.73221 0.982039 -0.169395 1.16545 0.946714
3.6 -5.16006 -3.73485 1.00097 -0.146086 1.16545 0.946714
3.62 -5.16149 -3.73713 1.01991 -0.122777 1.16545 0.946714
3.64 -5.16263 -3.73903 1.03884 -0.0994676 1.16545 0.946714
3.66 -5.16351 -3.74055 1.05778 -0.0761586 1.16545 0.946714
3.68 -5.16413 -3.74168 1.07671 -0.0528496 1.16545 0.946714
3.7 -5.16452 -3.74241 1.09564 -0.0295407 1.16545 0.946714
3.72 -5.16468 -3.74273 1.11458 -0.00623169 1.16545 0.946714
3.74 -5.16463 -3.74263 1.13351 0.0170773 1.16545 0.946714
3.76 -5.1644 -3.74211 1.15245 0.0403863 1.16545 0.946714
3.78 -5.16398 -3.74115 1.17138 0.0636952 1.16545 0.946714
3.8 -5.16341 -3.73976 1.19032 0.0870042 1.16545 0.946714
3.82 -5.1627 -3.73792 1.20925 0.110313 1.16545 0.946714
3.84 -5.16186 -3.73563 1.22818 0.133622 1.16545 0.946714
3.86 -5.16091 -3.73289 1.24712 0.156931 1.16545 0.946714
3.88 -5.15987 -3.72968 1.26605 0.18024 1.16545 0.946714
3.9 -5.15875 -3.72601 1.28499 0.203549 1.16545 0.946714
3.92 -5.15758 -3.72187 1.30392 0.226858 1.16545 0.946714
3.94 -5.15636 -3.71725 1.32286 0.250167 1.16545 0.946714
3.96 -5.15513 -3.71216 1.34179 0.273476 1.16545 0.946714
3.98 -5.15388 -3.7066 1.36073 0.296785 1.16545 0.946714
4 -5.15266 -3.70055 1.37966 0.320094 1.16545 0.946714
4.02 -5.15146 -3.69403 1.39859 0.343403 1.16545 0.946714
4.04 -5.15031 -3.68702 1.41753 0.366712 1.16545 0.946714
4.06 -5.14922 -3.67953 1.43646 0.390021 1.16545 0.946714
4.08 -5.14822 -3.67156 1.4554 0.41333 1.16545 0.946714
4.1 -5.14733 -3.66311 1.47433 0.436639 1.16545 0.946714
4.12 -5.14655 -3.65418 1.49327 0.459948 1.16545 0.946714
4.14 -5.14591 -3.64477 1.5122 0.483257 1.16545 0.946714
4.16 -5.14542 -3.63488 1.53113 0.506566 1.16545 0.946714
4.18 -5.14511 -3.62452 1.55007 0.529875 1.16545 0.946714
4.2 -5.14499 -3.61369 1.569 0.553184 1.16545 0.946714
4.22 -5.14508 -3.60239 1.58794 0.576493 1.16545 0.946714
4.24 -5.14539 -3.59064 1.60687 0.599802 1.16545 0.946714
4.26 -5.14595 -3.57842 1.62581 0.623111 1.16545 0.946714
4.28 -5.14677 -3.56575 1.64474 0.64642 1.16545 0.946714
4.3 -5.14786 -3.55263 1.66367 0.669729 1.16545 0.946714
4.32 -5.14926 -3.53908 1.68261 0.693038 1.16545 0.946714
4.34 -5.15062 -3.52502 1.65299 0.719485 1.32239 -1.48068
4.36 -5.15161 -3.5104 1.62338 0.745933 1.32239 -1.48068
4.38 -5.15218 -3.49523 1.59377 0.772381 1.32239 -1.48068
4.4 -5.15231 -3.47952 1.56415 0.798829 1.32239 -1.48068
4.42 -5.15196 -3.46328 1.53454 0.825276 1.32239 -1.48068
4.44 -5.1511 -3.44653 1.50493 0.851724 1.32239 -1.48068
4.46 -5.14971 -3.42929 1.47531 0.878172 1.32239 -1.48068
4.48 -5.14774 -3.41157 1.4457 0.90462 1.32239 -1.48068
4.5 -5.14518 -3.3934 1.41609 0.931067 1.32239 -1.48068
4.52 -5.14199 -3.37478 1.38647 0.957515 1.32239 -1.48068
4.54 -5.13815 -3.35575 1.35686 0.983963 1.32239 -1.48068
4.56 -5.13363 -3.33633 1.32725 1.01041 1.32239 -1.48068
4.58 -5.1284 -3.31654 1.29763 1.03686 1.32239 -1.48068
4.6 -5.12243 -3.2964 1.26802 1.06331 1.32239 -1.48068
4.62 -5.11571 -3.27595 1.23841 1.08975 1.32239 -1.48068
4.64 -5.1082 -3.25521 1.20879 1.1162 1.32239 -1.48068
4.66 -5.09989 -3.2342 1.17918 1.14265 1.32239 -1.48068
4.68 -5.09075 -3.21297 1.14956 1.1691 1.32239 -1.48068
4.7 -5.08076 -3.19154 1.11995 1.19554 1.32239 -1.48068
4.72 -5.0699 -3.16994 1.09034 1.22199 1.32239 -1.48068
4.74 -5.05816 -3.1482 1.06072 1.24844 1.32239 -1.48068
4.76 -5.04552 -3.12637 1.03111 1.27489 1.32239 -1.48068
4.78 -5.03195 -3.10447 1.0015 1.30134 1.32239 -1.48068
4.8 -5.01745 -3.08254 0.971883 1.32778 1.32239 -1.48068
4.82 -5.00201 -3.06061 0.94227 1.35423 1.32239 -1.48068
4.84 -4.9856 -3.03873 0.912656 1.38068 1.32239 -1.48068
4.86 -4.96822 -3.01693 0.883043 1.40713 1.32239 -1.48068
4.88 -4.94987 -2.99525 0.853429 1.43357 1.32239 -1.48068
4.9 -4.93052 -2.97374 0.823816 1.46002 1.32239 -1.48068
4.92 -4.91019 -2.95242 0.794202 1.48647 1.32239 -1.48068
4.94 -4.88885 -2.93134 0.764589 1.51292 1.32239 -1.48068
4.96 -4.86651 -2.91054 0.734975 1.53937 1.32239 -1.48068
4.98 -4.84317 -2.89006 0.705362 1.56581 1.32239 -1.48068
5 -4.81883 -2.86995 0.675748 1.59226 1.32239 -1.48068
5.02 -4.79348 -2.85024 0.646135 1.61871 1.32239 -1.48068
5.04 -4.76713 -2.83098 0.616521 1.64516 1.32239 -1.48068
5.06 -4.73979 -2.8122 0.586908 1.6716 1.32239 -1.48068
5.08 -4.71146 -2.79396 0.557294 1.69805 1.32239 -1.48068
5.1 -4.68215 -2.77629 0.527681 1.7245 1.32239 -1.48068
5.12 -4.65187 -2.75924 0.498067 1.75095 1.32239 -1.48068
5.14 -4.62062 -2.74285 0.468454 1.7774 1.32239 -1.48068
5.16 -4.58843 -2.72716 0.43884 1.80384 1.32239 -1.48068
5.18 -4.55531 -2.7122 0.409227 1.83029 1.32239 -1.48068
5.2 -4.52148 -2.698 0.385819 1.83863 0.41719 -1.1704
5.22 -4.48718 -2.68453 0.362411 1.84698 0.41719 -1.1704
5.24 -4.45241 -2.67181 0.339003 1.85532 0.41719 -1.1704
5.26 -4.41719 -2.65986 0.315595 1.86367 0.41719 -1.1704
5.28 -4.38155 -2.64868 0.292187 1.87201 0.41719 -1.1704
5.3 -4.34549 -2.63829 0.268779 1.88035 0.41719 -1.1704
5.32 -4.30904 -2.62871 0.245371 1.8887 0.41719 -1.1704
5.34 -4.27221 -2.61995 0.221963 1.89704 0.41719 -1.1704
5.36 -4.23503 -2.61201 0.198555 1.90538 0.41719 -1.1704
5.38 -4.1975 -2.60492 0.175147 1.91373 0.41719 -1.1704
5.4 -4.15966 -2.59868 0.151739 1.92207 0.41719 -1.1704
5.42 -4.12151 -2.5933 0.128331 1.93042 0.41719 -1.1704
5.44 -4.08308 -2.5888 0.104923 1.93876 0.41719 -1.1704
5.46 -4.04439 -2.58518 0.0815152 1.9471 0.41719 -1.1704
5.48 -4.00546 -2.58246 0.0581073 1.95545 0.41719 -1.1704
5.5 -3.96631 -2.58064 0.0346993 1.96379 0.41719 -1.1704
5.52 -3.92696 -2.57974 0.0112913 1.97214 0.41719 -1.1704
5.54 -3.88744 -2.57975 -0.0121166 1.98048 0.41719 -1.1704
5.56 -3.84776 -2.5807 -0.0355246 1.98882 0.41719 -1.1704
5.58 -3.80794 -2.58258 -0.0589325 1.99717 0.41719 -1.1704
5.6 -3.76802 -2.58541 -0.0823405 2.00551 0.41719 -1.1704
5.62 -3.728 -2.58918 -0.105748 2.01385 0.41719 -1.1704
5.64 -3.68792 -2.59391 -0.129156 2.0222 0.41719 -1.1704
5.66 -3.64782 -2.59912 -0.129388 2.02122 -0.0489851 -0.0115729
5.68 -3.60775 -2.60434 -0.129619 2.02024 -0.0489851 -0.0115729
5.7 -3.56769 -2.60957 -0.129851 2.01926 -0.0489851 -0.0115729
5.72 -3.52766 -2.6148 -0.130082 2.01828 -0.0489851 -0.0115729
5.74 -3.48764 -2.62004 -0.130314 2.0173 -0.0489851 -0.0115729
5.76 -3.44765 -2.62529 -0.130545 2.01632 -0.0489851 -0.0115729
5.78 -3.40768 -2.63054 -0.130777 2.01534 -0.0489851 -0.0115729
5.8 -3.36773 -2.6358 -0.131008 2.01436 -0.0489851 -0.0115729
5.82 -3.32779 -2.64106 -0.13124 2.01338 -0.0489851 -0.0115729
5.84 -3.28788 -2.64634 -0.131471 2.0124 -0.0489851 -0.0115729
5.86 -3.24799 -2.65162 -0.131702 2.01142 -0.0489851 -0.0115729
5.88 -3.20812 -2.6569 -0.131934 2.01044 -0.0489851 -0.0115729
5.9 -3.16827 -2.6622 -0.132165 2.00946 -0.0489851 -0.0115729
5.92 -3.12845 -2.6675 -0.132397 2.00848 -0.0489851 -0.0115729
5.94 -3.08864 -2.6728 -0.132628 2.0075 -0.0489851 -0.0115729
5.96 -3.04885 -2.67811 -0.13286 2.00652 -0.0489851 -0.0115729
5.98 -3.00908 -2.68343 -0.133091 2.00554 -0.0489851 -0.0115729
6 -2.96934 -2.68876 -0.133323 2.00456 -0.0489851 -0.0115729
6.02 -2.92961 -2.69409 -0.133554 2.00358 -0.0489851 -0.0115729
6.04 -2.88991 -2.69943 -0.133786 2.0026 -0.0489851 -0.0115729
6.06 -2.85022 -2.70478 -0.134017 2.00162 -0.0489851 -0.0115729
6.08 -2.81056 -2.71013 -0.134249 2.00064 -0.0489851 -0.0115729
6.1 -2.77092 -2.71549 -0.13448 1.99967 -0.0489851 -0.0115729
6.12 -2.7313 -2.72085 -0.134711 1.99869 -0.0489851 -0.0115729
6.14 -2.6917 -2.72623 -0.134943 1.99771 -0.0489851 -0.0115729
6.16 -2.65211 -2.7316 -0.135174 1.99673 -0.0489851 -0.0115729
6.18 -2.61256 -2.73699 -0.135406 1.99575 -0.0489851 -0.0115729
6.2 -2.57302 -2.74238 -0.135637 1.99477 -0.0489851 -0.0115729
6.22 -2.5335 -2.74778 -0.135869 1.99379 -0.0489851 -0.0115729
6.24 -2.494 -2.75318 -0.1361 1.99281 -0.0489851 -0.0115729
6.26 -2.45452 -2.75859 -0.136332 1.99183 -0.0489851 -0.0115729
6.28 -2.41507 -2.76401 -0.136563 1.99085 -0.0489851 -0.0115729
6.3 -2.37563 -2.76944 -0.136795 1.98987 -0.0489851 -0.0115729
6.32 -2.33621 -2.77487 -0.137026 1.98889 -0.0489851 -0.0115729
6.34 -2.29682 -2.7803 -0.137257 1.98791 -0.0489851 -0.0115729
6.36 -2.25745 -2.78575 -0.137489 1.98693 -0.0489851 -0.0115729
6.38 -2.21809 -2.7912 -0.13772 1.98595 -0.0489851 -0.0115729
6.4 -2.17872 -2.79624 -0.117008 1.98358 -0.118588 1.03562
6.42 -2.1393 -2.80046 -0.0962956 1.98121 -0.118588 1.03562
6.44 -2.09984 -2.80386 -0.0755832 1.97883 -0.118588 1.03562
6.46 -2.06038 -2.80643 -0.0548708 1.97646 -0.118588 1.03562
6.48 -2.02091 -2.80819 -0.0341584 1.97409 -0.118588 1.03562
6.5 -1.98146 -2.80913 -0.013446 1.97172 -0.118588 1.03562
6.52 -1.94205 -2.80925 0.0072664 1.96935 -0.118588 1.03562
6.54 -1.9027 -2.80856 0.0279788 1.96698 -0.118588 1.03562
6.56 -1.86341 -2.80705 0.0486912 1.9646 -0.118588 1.03562
6.58 -1.82403 -2.80545 0.0326144 1.97675 0.607565 -0.803841
6.6 -1.78439 -2.80448 0.0165375 1.98891 0.607565 -0.803841
6.62 -1.74449 -2.80414 0.000460726 2.00106 0.607565 -0.803841
6.64 -1.70435 -2.80444 -0.0156161 2.01321 0.607565 -0.803841
6.66 -1.66397 -2.8054 -0.0316929 2.02536 0.607565 -0.803841
6.68 -1.62338 -2.80701 -0.0477697 2.03751 0.607565 -0.803841
6.7 -1.58257 -2.80929 -0.0638466 2.04966 0.607565 -0.803841
6.72 -1.54156 -2.81225 -0.0799234 2.06181 0.607565 -0.803841
6.74 -1.50036 -2.81588 -0.0960002 2.07397 0.607565 -0.803841
6.76 -1.45899 -2.8202 -0.112077 2.08612 0.607565 -0.803841
6.78 -1.41745 -2.82522 -0.128154 2.09827 0.607565 -0.803841
6.8 -1.37575 -2.83093 -0.144231 2.11042 0.607565 -0.803841
6.82 -1.33391 -2.83735 -0.160308 2.12257 0.607565 -0.803841
6.84 -1.29194 -2.84448 -0.176384 2.13472 0.607565 -0.803841
6.86 -1.24985 -2.85234 -0.192461 2.14687 0.607565 -0.803841
6.88 -1.20766 -2.86091 -0.208538 2.15902 0.607565 -0.803841
6.9 -1.16537 -2.87022 -0.224615 2.17118 0.607565 -0.803841
6.92 -1.12299 -2.88026 -0.240692 2.18333 0.607565 -0.803841
6.94 -1.08055 -2.89104 -0.256768 2.19548 0.607565 -0.803841
6.96 -1.03806 -2.90256 -0.272845 2.20763 0.607565 -0.803841
6.98 -0.99552 -2.91483 -0.288922 2.21978 0.607565 -0.803841
7 -0.952952 -2.92786 -0.304999 2.23193 0.607565 -0.803841
7.02 -0.910368 -2.94164 -0.321076 2.24408 0.607565 -0.803841
7.04 -0.86778 -2.95619 -0.337153 2.25623 0.607565 -0.803841
7.06 -0.825204 -2.9715 -0.353229 2.26839 0.607565 -0.803841
7.08 -0.782651 -2.98758 -0.369306 2.28054 0.607565 -0.803841
7.1 -0.740137 -3.00443 -0.385383 2.29269 0.607565 -0.803841
7.12 -0.697675 -3.02205 -0.40146 2.30484 0.607565 -0.803841
7.14 -0.655279 -3.04046 -0.417537 2.31699 0.607565 -0.803841
7.16 -0.612962 -3.05964 -0.433614 2.32914 0.607565 -0.803841
7.18 -0.57074 -3.0796 -0.44969 2.34129 0.607565 -0.803841
7.2 -0.528626 -3.10035 -0.465767 2.35344 0.607565 -0.803841
7.22 -0.486635 -3.12188 -0.481844 2.3656 0.607565 -0.803841
7.24 -0.44478 -3.1442 -0.497921 2.37775 0.607565 -0.803841
7.26 -0.402742 -3.16661 -0.481682 2.38628 0.426379 0.811958
7.28 -0.360193 -3.18841 -0.465443 2.3948 0.426379 0.811958
7.3 -0.317143 -3.2096 -0.449203 2.40333 0.426379 0.811958
7.32 -0.2736 -3.23016 -0.432964 2.41186 0.426379 0.811958
7.34 -0.229573 -3.25007 -0.416725 2.42039 0.426379 0.811958
7.36 -0.185073 -3.26934 -0.400486 2.42891 0.426379 0.811958
7.38 -0.140108 -3.28795 -0.384247 2.43744 0.426379 0.811958
7.4 -0.0946881 -3.30588 -0.368008 2.44597 0.426379 0.811958
7.42 -0.0488233 -3.32314 -0.351768 2.4545 0.426379 0.811958
7.44 -0.00252377 -3.33971 -0.335529 2.46302 0.426379 0.811958
7.46 0.0442002 -3.35558 -0.31929 2.47155 0.426379 0.811958
7.48 0.0913381 -3.37074 -0.303051 2.48008 0.426379 0.811958
7.5 0.138879 -3.38518 -0.286812 2.48861 0.426379 0.811958
7.52 0.186812 -3.3989 -0.270573 2.49713 0.426379 0.811958
7.54 0.235127 -3.41188 -0.254334 2.50566 0.426379 0.811958
7.56 0.283811 -3.42411 -0.238094 2.51419 0.426379 0.811958
7.58 0.332853 -3.43559 -0.221855 2.52272 0.426379 0.811958
7.6 0.382242 -3.44631 -0.205616 2.53124 0.426379 0.811958
7.62 0.431966 -3.45626 -0.189377 2.53977 0.426379 0.811958
7.64 0.482013 -3.46543 -0.173138 2.5483 0.426379 0.811958
7.66 0.53237 -3.47382 -0.156899 2.55683 0.426379 0.811958
7.68 0.583026 -3.48141 -0.14066 2.56535 0.426379 0.811958
7.7 0.633967 -3.4882 -0.12442 2.57388 0.426379 0.811958
7.72 0.685181 -3.49419 -0.108181 2.58241 0.426379 0.811958
7.74 0.736655 -3.49935 -0.091942 2.59094 0.426379 0.811958
7.76 0.788376 -3.5037 -0.0757029 2.59946 0.426379 0.811958
7.78 0.840331 -3.50722 -0.0594637 2.60799 0.426379 0.811958
7.8 0.892507 -3.5099 -0.0432246 2.61652 0.426379 0.811958
7.82 0.94489 -3.51174 -0.0269854 2.62505 0.426379 0.811958
7.84 0.944773 -3.51213 -0.0420286 2.61487 -0.0826691 0.0598006
7.86 0.997009 -3.51429 -0.0408326 2.61321 -0.0826691 0.0598006
7.88 1.04921 -3.51639 -0.0396366 2.61156 -0.0826691 0.0598006
7.9 1.10139 -3.51843 -0.0384405 2.60991 -0.0826691 0.0598006
7.92 1.15353 -3.5204 -0.0372445 2.60825 -0.0826691 0.0598006
7.94 1.20565 -3.52232 -0.0360485 2.6066 -0.0826691 0.0598006
7.96 1.25773 -3.52416 -0.0348525 2.60495 -0.0826691 0.0598006
7.98 1.30978 -3.52595 -0.0336565 2.60329 -0.0826691 0.0598006
8 1.3618 -3.52767 -0.0324605 2.60164 -0.0826691 0.0598006
8.02 1.41348 -3.52927 -0.029614 2.56817 -1.67334 0.142322
8.04 1.46448 -3.53071 -0.0267676 2.53471 -1.67334 0.142322
8.06 1.51483 -3.53199 -0.0239211 2.50124 -1.67334 0.142322
8.08 1.56451 -3.5331 -0.0210747 2.46777 -1.67334 0.142322
8.1 1.61352 -3.53407 -0.0182282 2.43431 -1.67334 0.142322
8.12 1.66186 -3.53488 -0.0153818 2.40084 -1.67334 0.142322
8.14 1.70954 -3.53555 -0.0125353 2.36737 -1.67334 0.142322
8.16 1.75655 -3.53607 -0.0096889 2.33391 -1.67334 0.142322
8.18 1.80289 -3.53645 -0.00684245 2.30044 -1.67334 0.142322
8.2 1.84856 -3.5367 -0.00399601 2.26697 -1.67334 0.142322
8.22 1.89357 -3.53682 -0.00114956 2.23351 -1.67334 0.142322
8.24 1.9379 -3.5368 0.00169689 2.20004 -1.67334 0.142322
8.26 1.98157 -3.53667 0.00454333 2.16657 -1.67334 0.142322
8.28 2.02457 -3.53641 0.00738978 2.1331 -1.67334 0.142322
8.3 2.06689 -3.53604 0.0102362 2.09964 -1.67334 0.142322
8.32 2.10855 -3.53555 0.0130827 2.06617 -1.67334 0.142322
8.34 2.14953 -3.53496 0.0159291 2.0327 -1.67334 0.142322
8.36 2.18984 -3.53426 0.0187756 1.99924 -1.67334 0.142322
8.38 2.22949 -3.53346 0.021622 1.96577 -1.67334 0.142322
8.4 2.26846 -3.53256 0.0244685 1.9323 -1.67334 0.142322
8.42 2.30676 -3.53157 0.0273149 1.89884 -1.67334 0.142322
8.44 2.34438 -3.53049 0.0301614 1.86537 -1.67334 0.142322
8.46 2.38134 -3.52932 0.0330078 1.8319 -1.67334 0.142322
8.48 2.41762 -3.52807 0.0358543 1.79844 -1.67334 0.142322
8.5 2.45323 -3.52674 0.0387007 1.76497 -1.67334 0.142322
8.52 2.48816 -3.52534 0.0415472 1.7315 -1.67334 0.142322
8.54 2.52243 -3.52387 0.0443936 1.69804 -1.67334 0.142322
8.56 2.55602 -3.52233 0.04724 1.66457 -1.67334 0.142322
8.58 2.58894 -3.52072 0.0500865 1.6311 -1.67334 0.142322
8.6 2.62118 -3.51906 0.0529329 1.59764 -1.67334 0.142322
8.62 2.65275 -3.51734 0.0557794 1.56417 -1.67334 0.142322
8.64 2.68365 -3.51557 0.0586258 1.5307 -1.67334 0.142322
8.66 2.71387 -3.51376 0.0614723 1.49724 -1.67334 0.142322
8.68 2.74343 -3.5119 0.0643187 1.46377 -1.67334 0.142322
8.7 2.7723 -3.51 0.0671652 1.4303 -1.67334 0.142322
8.72 2.80051 -3.50806 0.0700116 1.39684 -1.67334 0.142322
8.74 2.82804 -3.50609 0.0728581 1.36337 -1.67334 0.142322
8.76 2.8549 -3.50409 0.0757045 1.3299 -1.67334 0.142322
8.78 2.88108 -3.50207 0.078551 1.29644 -1.67334 0.142322
8.8 2.9066 -3.50002 0.0813974 1.26297 -1.67334 0.142322
8.82 2.93144 -3.49796 0.0842439 1.2295 -1.67334 0.142322
8.84 2.9556 -3.49588 0.0870903 1.19604 -1.67334 0.142322
8.86 2.9791 -3.4938 0.0899368 1.16257 -1.67334 0.142322
8.88 3.00192 -3.49171 0.0927832 1.1291 -1.67334 0.142322
8.9 3.02407 -3.48962 0.0956297 1.09563 -1.67334 0.142322
8.92 3.0457 -3.48754 0.0961188 1.07791 -0.886 0.0244583
8.94 3.06698 -3.48548 0.096608 1.06019 -0.886 0.0244583
8.96 3.08791 -3.48345 0.0970972 1.04247 -0.886 0.0244583
8.98 3.10849 -3.48144 0.0975863 1.02475 -0.886 0.0244583
9 3.12871 -3.47945 0.0980755 1.00703 -0.886 0.0244583
9.02 3.14857 -3.47749 0.0985647 0.989315 -0.886 0.0244583
9.04 3.16809 -3.47556 0.0990538 0.971595 -0.886 0.0244583
9.06 3.18725 -3.47365 0.099543 0.953875 -0.886 0.0244583
9.08 3.20605 -3.47177 0.100032 0.936155 -0.886 0.0244583
9.1 3.2244 -3.46982 0.111574 0.909077 -1.35388 0.577113
9.12 3.24219 -3.46772 0.123117 0.881999 -1.35388 0.577113
9.14 3.25942 -3.46549 0.134659 0.854922 -1.35388 0.577113
9.16 3.27608 -3.46313 0.146201 0.827844 -1.35388 0.577113
9.18 3.29218 -3.46067 0.157743 0.800766 -1.35388 0.577113
9.2 3.30771 -3.45811 0.169286 0.773689 -1.35388 0.577113
9.22 3.32268 -3.45546 0.180828 0.746611 -1.35388 0.577113
9.24 3.33709 -3.45274 0.19237 0.719533 -1.35388 0.577113
9.26 3.35093 -3.44996 0.203912 0.692456 -1.35388 0.577113
9.28 3.36421 -3.44714 0.215455 0.665378 -1.35388 0.577113
9.3 3.37693 -3.44428 0.226997 0.6383 -1.35388 0.577113
9.32 3.38909 -3.44139 0.238539 0.611223 -1.35388 0.577113
9.34 3.40069 -3.4385 0.250081 0.584145 -1.35388 0.577113
9.36 3.41173 -3.43562 0.261624 0.557067 -1.35388 0.577113
9.38 3.42221 -3.43274 0.273166 0.52999 -1.35388 0.577113
9.4 3.43214 -3.4299 0.284708 0.502912 -1.35388 0.577113
9.42 3.44152 -3.4271 0.29625 0.475834 -1.35388 0.577113
9.44 3.45035 -3.42435 0.307793 0.448757 -1.35388 0.577113
9.46 3.45863 -3.42166 0.319335 0.421679 -1.35388 0.577113
9.48 3.46636 -3.41906 0.330877 0.394601 -1.35388 0.577113
9.5 3.47356 -3.41654 0.342419 0.367524 -1.35388 0.577113
9.52 3.48021 -3.41412 0.353962 0.340446 -1.35388 0.577113
9.54 3.48633 -3.41182 0.365504 0.313368 -1.35388 0.577113
9.56 3.49192 -3.40965 0.377046 0.286291 -1.35388 0.577113
9.58 3.49698 -3.40761 0.388588 0.259213 -1.35388 0.577113
9.6 3.50152 -3.40572 0.400131 0.232135 -1.35388 0.577113
9.62 3.50553 -3.404 0.411673 0.205058 -1.35388 0.577113
9.64 3.50904 -3.40245 0.423215 0.17798 -1.35388 0.577113
9.66 3.51203 -3.40108 0.434757 0.150902 -1.35388 0.577113
9.68 3.51245 -3.40087 0.444052 0.197935 0.997764 1.04183
9.7 3.51618 -3.39904 0.464888 0.217891 0.997764 1.04183
9.72 3.52023 -3.39695 0.485725 0.237846 0.997764 1.04183
9.74 3.52459 -3.39459 0.506562 0.257801 0.997764 1.04183
9.76 3.52925 -3.39195 0.527398 0.277757 0.997764 1.04183
9.78 3.53419 -3.389 0.548235 0.297712 0.997764 1.04183
9.8 3.53941 -3.38574 0.569072 0.317667 0.997764 1.04183
9.82 3.54489 -3.38215 0.589908 0.337622 0.997764 1.04183
9.84 3.55063 -3.37822 0.610745 0.357578 0.997764 1.04183
9.86 3.5566 -3.37394 0.631581 0.377533 0.997764 1.04183
9.88 3.56281 -3.3693 0.652418 0.397488 0.997764 1.04183
9.9 3.56923 -3.36428 0.673255 0.417444 0.997764 1.04183
9.92 3.57586 -3.35888 0.694091 0.437399 0.997764 1.04183
9.94 3.58268 -3.35309 0.714928 0.457354 0.997764 1.04183
9.96 3.58967 -3.34689 0.735764 0.477309 0.997764 1.04183
9.98 3.59683 -3.34027 0.756601 0.497265 0.997764 1.04183
10 3.60413 -3.33323 0.777438 0.51722 0.997764 1.04183
10.02 3.61157 -3.32576 0.798274 0.537175 0.997764 1.04183
10.04 3.61912 -3.31784 0.819111 0.557131 0.997764 1.04183
10.06 3.62678 -3.30947 0.839948 0.577086 0.997764 1.04183
10.08 3.63452 -3.30065 0.860784 0.597041 0.997764 1.04183
10.1 3.64234 -3.29136 0.881621 0.616996 0.997764 1.04183
10.12 3.65021 -3.2816 0.902457 0.636952 0.997764 1.04183
10.14 3.65812 -3.27136 0.923294 0.656907 0.997764 1.04183
10.16 3.66606 -3.26064 0.944131 0.676862 0.997764 1.04183
10.18 3.674 -3.24943 0.964967 0.696818 0.997764 1.04183
10.2 3.68192 -3.23773 0.985804 0.716773 0.997764 1.04183
10.22 3.68964 -3.22571 1.01348 0.711039 -0.286682 1.38367
10.24 3.69697 -3.21359 1.04115 0.705306 -0.286682 1.38367
10.26 3.7039 -3.20137 1.06882 0.699572 -0.286682 1.38367
10.28 3.71043 -3.18907 1.0965 0.693838 -0.286682 1.38367
10.3 3.71657 -3.17669 1.12417 0.688105 -0.286682 1.38367
10.32 3.72232 -3.16425 1.15184 0.682371 -0.286682 1.38367
10.34 3.72768 -3.15176 1.17952 0.676637 -0.286682 1.38367
10.36 3.73264 -3.13923 1.20719 0.670904 -0.286682 1.38367
10.38 3.73722 -3.12668 1.23486 0.66517 -0.286682 1.38367
10.4 3.74141 -3.11411 1.26254 0.659436 -0.286682 1.38367
10.42 3.74522 -3.10155 1.29021 0.653703 -0.286682 1.38367
10.44 3.74866 -3.08899 1.31789 0.647969 -0.286682 1.38367
10.46 3.75171 -3.07646 1.34556 0.642236 -0.286682 1.38367
10.48 3.75439 -3.06396 1.37323 0.636502 -0.286682 1.38367
10.5 3.75671 -3.0515 1.40091 0.630768 -0.286682 1.38367
10.52 3.75866 -3.03909 1.42858 0.625035 -0.286682 1.38367
10.54 3.76026 -3.02675 1.45625 0.619301 -0.286682 1.38367
10.56 3.76149 -3.01449 1.48393 0.613567 -0.286682 1.38367
10.58 3.76239 -3.0023 1.5116 0.607834 -0.286682 1.38367
10.6 3.76294 -2.99022 1.53927 0.6021 -0.286682 1.38367
10.62 3.76315 -2.97824 1.56695 0.596366 -0.286682 1.38367
10.64 3.76303 -2.96637 1.59462 0.590633 -0.286682 1.38367
10.66 3.76259 -2.95462 1.62229 0.584899 -0.286682 1.38367
10.68 3.76183 -2.943 1.64997 0.579165 -0.286682 1.38367
10.7 3.76076 -2.93153 1.67764 0.573432 -0.286682 1.38367
10.72 3.75938 -2.9202 1.70531 0.567698 -0.286682 1.38367
10.74 3.75771 -2.90903 1.73299 0.561965 -0.286682 1.38367
10.76 3.75576 -2.89802 1.76066 0.556231 -0.286682 1.38367
10.78 3.75352 -2.88718 1.78833 0.550497 -0.286682 1.38367
10.8 3.75101 -2.87652 1.81601 0.544764 -0.286682 1.38367
10.82 3.74839 -2.86599 1.81294 0.540388 -0.218806 -0.153371
10.84 3.74582 -2.85554 1.80987 0.536011 -0.218806 -0.153371
10.86 3.74331 -2.84516 1.80681 0.531635 -0.218806 -0.153371
10.88 3.74085 -2.83486 1.80374 0.527259 -0.218806 -0.153371
10.9 3.73844 -2.82464 1.80067 0.522883 -0.218806 -0.153371
10.92 3.73608 -2.8145 1.7976 0.518507 -0.218806 -0.153371
10.94 3.73378 -2.80443 1.79454 0.514131 -0.218806 -0.153371
10.96 3.73152 -2.79444 1.79147 0.509755 -0.218806 -0.153371
10.98 3.72931 -2.78453 1.7884 0.505379 -0.218806 -0.153371
11 3.72716 -2.7747 1.78533 0.501002 -0.218806 -0.153371
11.02 3.72505 -2.76495 1.78227 0.496626 -0.218806 -0.153371
11.04 3.72299 -2.75528 1.7792 0.49225 -0.218806 -0.153371
11.06 3.72097 -2.74569 1.77613 0.487874 -0.218806 -0.153371
11.08 3.71901 -2.73618 1.77306 0.483498 -0.218806 -0.153371
11.1 3.71709 -2.72674 1.77 0.479122 -0.218806 -0.153371
11.12 3.71522 -2.71739 1.76693 0.474746 -0.218806 -0.153371
11.14 3.71339 -2.70812 1.76386 0.47037 -0.218806 -0.153371
11.16 3.71161 -2.69893 1.76079 0.465993 -0.218806 -0.153371
11.18 3.70987 -2.68981 1.75773 0.461617 -0.218806 -0.153371
11.2 3.70817 -2.68078 1.75466 0.457241 -0.218806 -0.153371
11.22 3.70652 -2.67183 1.75159 0.452865 -0.218806 -0.153371
11.24 3.70492 -2.66296 1.74852 0.448489 -0.218806 -0.153371
11.26 3.70335 -2.65418 1.74546 0.444113 -0.218806 -0.153371
11.28 3.70183 -2.64547 1.74239 0.439737 -0.218806 -0.153371
11.3 3.70035 -2.63684 1.73932 0.435361 -0.218806 -0.153371
11.32 3.69891 -2.6283 1.73625 0.430984 -0.218806 -0.153371
11.34 3.69751 -2.61984 1.73319 0.426608 -0.218806 -0.153371
11.36 3.69615 -2.61146 1.73012 0.422232 -0.218806 -0.153371
11.38 3.69483 -2.60317 1.72705 0.417856 -0.218806 -0.153371
11.4 3.69355 -2.59495 1.72398 0.41348 -0.218806 -0.153371
11.42 3.69231 -2.58682 1.72092 0.409104 -0.218806 -0.153371
11.44 3.6911 -2.57877 1.71785 0.404728 -0.218806 -0.153371
11.46 3.68993 -2.57081 1.71478 0.400352 -0.218806 -0.153371
11.48 3.6888 -2.56292 1.71171 0.395975 -0.218806 -0.153371
11.5 3.68771 -2.55512 1.70865 0.391599 -0.218806 -0.153371
11.52 3.68665 -2.54741 1.70558 0.387223 -0.218806 -0.153371
11.54 3.68563 -2.53978 1.70251 0.382847 -0.218806 -0.153371
11.56 3.68464 -2.53223 1.69945 0.378471 -0.218806 -0.153371
11.58 3.68368 -2.52476 1.69638 0.374095 -0.218806 -0.153371
11.6 3.68276 -2.51738 1.69331 0.369719 -0.218806 -0.153371
11.62 3.68188 -2.51008 1.69024 0.365343 -0.218806 -0.153371
11.64 3.68102 -2.50287 1.68718 0.360966 -0.218806 -0.153371
11.66 3.6802 -2.49574 1.68411 0.35659 -0.218806 -0.153371
11.68 3.67941 -2.4887 1.68104 0.352214 -0.218806 -0.153371
11.7 3.67865 -2.48174 1.67797 0.347838 -0.218806 -0.153371
11.72 3.67792 -2.47487 1.67491 0.343462 -0.218806 -0.153371
11.74 3.67722 -2.46808 1.67184 0.339086 -0.218806 -0.153371
11.76 3.67655 -2.46137 1.66877 0.33471 -0.218806 -0.153371
11.78 3.67591 -2.45475 1.6657 0.330334 -0.218806 -0.153371
11.8 3.6753 -2.44822 1.66264 0.325958 -0.218806 -0.153371
11.82 3.67474 -2.44152 1.64614 0.345688 0.986544 -0.824855
11.84 3.67426 -2.43443 1.62964 0.365419 0.986544 -0.824855
11.86 3.67388 -2.42693 1.61314 0.38515 0.986544 -0.824855
11.88 3.67362 -2.41904 1.59665 0.404881 0.986544 -0.824855
11.9 3.67347 -2.41074 1.58015 0.424612 0.986544 -0.824855
11.92 3.67346 -2.40205 1.56365 0.444343 0.986544 -0.824855
11.94 3.6736 -2.39297 1.54716 0.464074 0.986544 -0.824855
11.96 3.6739 -2.3835 1.53066 0.483805 0.986544 -0.824855
11.98 3.67438 -2.37364 1.51416 0.503535 0.986544 -0.824855
12 3.67505 -2.36339 1.49767 0.523266 0.986544 -0.824855
12.02 3.67592 -2.35276 1.48117 0.542997 0.986544 -0.824855
12.04 3.677 -2.34176 1.46467 0.562728 0.986544 -0.824855
12.06 3.6783 -2.33038 1.44817 0.582459 0.986544 -0.824855
12.08 3.67985 -2.31864 1.43168 0.60219 0.986544 -0.824855
12.1 3.68165 -2.30653 1.41518 0.621921 0.986544 -0.824855
12.12 3.68371 -2.29406 1.39868 0.641652 0.986544 -0.824855
12.14 3.68605 -2.28124 1.38219 0.661382 0.986544 -0.824855
12.16 3.68868 -2.26808 1.36569 0.681113 0.986544 -0.824855
12.18 3.6916 -2.25457 1.34919 0.700844 0.986544 -0.824855
12.2 3.69484 -2.24073 1.33269 0.720575 0.986544 -0.824855
12.22 3.6984 -2.22656 1.3162 0.740306 0.986544 -0.824855
12.24 3.7023 -2.21208 1.2997 0.760037 0.986544 -0.824855
12.26 3.70655 -2.19728 1.2832 0.779768 0.986544 -0.824855
12.28 3.71115 -2.18217 1.26671 0.799499 0.986544 -0.824855
12.3 3.71613 -2.16677 1.25021 0.819229 0.986544 -0.824855
12.32 3.72148 -2.15107 1.23371 0.83896 0.986544 -0.824855
12.34 3.72723 -2.1351 1.21721 0.858691 0.986544 -0.824855
12.36 3.73338 -2.11885 1.20072 0.878422 0.986544 -0.824855
12.38 3.73994 -2.10234 1.18422 0.898153 0.986544 -0.824855
12.4 3.74693 -2.08558 1.16772 0.917884 0.986544 -0.824855
12.42 3.75403 -2.06828 1.19501 0.952242 1.7179 1.36443
12.44 3.76089 -2.05015 1.2223 0.9866 1.7179 1.36443
12.46 3.76749 -2.03119 1.24959 1.02096 1.7179 1.36443
12.48 3.77377 -2.0114 1.27688 1.05532 1.7179 1.36443
12.5 3.77971 -1.99079 1.30417 1.08967 1.7179 1.36443
12.52 3.78524 -1.96936 1.33146 1.12403 1.7179 1.36443
12.54 3.79035 -1.94711 1.35874 1.15839 1.7179 1.36443
12.56 3.79498 -1.92406 1.38603 1.19275 1.7179 1.36443
12.58 3.7991 -1.90022 1.41332 1.22711 1.7179 1.36443
12.6 3.80267 -1.87559 1.44061 1.26146 1.7179 1.36443
12.62 3.80564 -1.85019 1.4679 1.29582 1.7179 1.36443
12.64 3.80798 -1.82403 1.49519 1.33018 1.7179 1.36443
12.66 3.80965 -1.79714 1.52248 1.36454 1.7179 1.36443
12.68 3.8106 -1.76952 1.54976 1.3989 1.7179 1.36443
12.7 3.81081 -1.7412 1.57705 1.43325 1.7179 1.36443
12.72 3.81023 -1.7122 1.60434 1.46761 1.7179 1.36443
12.74 3.80883 -1.68254 1.63163 1.50197 1.7179 1.36443
12.76 3.80657 -1.65224 1.65892 1.53633 1.7179 1.36443
12.78 3.80341 -1.62133 1.68621 1.57069 1.7179 1.36443
12.8 3.79932 -1.58984 1.7135 1.60504 1.7179 1.36443
12.82 3.79427 -1.55779 1.74078 1.6394 1.7179 1.36443
12.84 3.78906 -1.52558 1.7212 1.62404 -0.767932 -0.979361
12.86 3.78453 -1.49357 1.70161 1.60868 -0.767932 -0.979361
12.88 3.78066 -1.46178 1.68202 1.59333 -0.767932 -0.979361
12.9 3.77745 -1.43024 1.66244 1.57797 -0.767932 -0.979361
12.92 3.77488 -1.39894 1.64285 1.56261 -0.767932 -0.979361
12.94 3.77295 -1.3679 1.62326 1.54725 -0.767932 -0.979361
12.96 3.77164 -1.33713 1.60367 1.53189 -0.767932 -0.979361
12.98 3.77093 -1.30666 1.58409 1.51653 -0.767932 -0.979361
13 3.77082 -1.27648 1.5645 1.50117 -0.767932 -0.979361
13.02 3.77131 -1.24662 1.54491 1.48582 -0.767932 -0.979361
13.04 3.77236 -1.21707 1.52532 1.47046 -0.767932 -0.979361
13.06 3.77397 -1.18786 1.50574 1.4551 -0.767932 -0.979361
13.08 3.77614 -1.159 1.48615 1.43974 -0.767932 -0.979361
13.1 3.77884 -1.13048 1.46656 1.42438 -0.767932 -0.979361
13.12 3.78206 -1.10233 1.44698 1.40902 -0.767932 -0.979361
13.14 3.7858 -1.07456 1.42739 1.39366 -0.767932 -0.979361
13.16 3.79003 -1.04716 1.4078 1.3783 -0.767932 -0.979361
13.18 3.79474 -1.02016 1.38821 1.36295 -0.767932 -0.979361
13.2 3.79992 -0.993553 1.36863 1.34759 -0.767932 -0.979361
13.22 3.80556 -0.967355 1.34904 1.33223 -0.767932 -0.979361
13.24 3.81164 -0.941571 1.32945 1.31687 -0.767932 -0.979361
13.26 3.81814 -0.916209 1.30987 1.30151 -0.767932 -0.979361
13.28 3.82506 -0.891275 1.29028 1.28615 -0.767932 -0.979361
13.3 3.83238 -0.866776 1.27069 1.27079 -0.767932 -0.979361
13.32 3.84008 -0.842717 1.2511 1.25544 -0.767932 -0.979361
13.34 3.84816 -0.819105 1.23152 1.24008 -0.767932 -0.979361
13.36 3.85659 -0.795943 1.21193 1.22472 -0.767932 -0.979361
13.38 3.86536 -0.773238 1.19234 1.20936 -0.767932 -0.979361
13.4 3.87446 -0.750994 1.17275 1.194 -0.767932 -0.979361
13.42 3.88387 -0.729213 1.15317 1.17864 -0.767932 -0.979361
13.44 3.89357 -0.707901 1.13358 1.16328 -0.767932 -0.979361
13.46 3.90356 -0.68706 1.11399 1.14793 -0.767932 -0.979361
13.48 3.91382 -0.666693 1.09441 1.13257 -0.767932 -0.979361
13.5 3.92433 -0.646802 1.07482 1.11721 -0.767932 -0.979361
13.52 3.93508 -0.62739 1.05523 1.10185 -0.767932 -0.979361
13.54 3.94606 -0.608458 1.03564 1.08649 -0.767932 -0.979361
13.56 3.95724 -0.590007 1.01606 1.07113 -0.767932 -0.979361
13.58 3.96862 -0.572038 0.99647 1.05577 -0.767932 -0.979361
13.6 3.98018 -0.554551 0.976883 1.04041 -0.767932 -0.979361
13.62 3.9919 -0.537548 0.957296 1.02506 -0.767932 -0.979361
13.64 4.00378 -0.521026 0.937708 1.0097 -0.767932 -0.979361
13.66 4.01579 -0.504986 0.918121 0.994339 -0.767932 -0.979361
13.68 4.02793 -0.489427 0.898534 0.97898 -0.767932 -0.979361
13.7 4.04018 -0.474347 0.878947 0.963621 -0.767932 -0.979361
13.72 4.05252 -0.459744 0.859359 0.948263 -0.767932 -0.979361
13.74 4.06494 -0.445617 0.839772 0.932904 -0.767932 -0.979361
13.76 4.07743 -0.431962 0.820185 0.917546 -0.767932 -0.979361
13.78 4.08968 -0.418548 0.840873 0.899465 -0.904024 1.03439
13.8 4.10142 -0.405155 0.861561 0.881385 -0.904024 1.03439
13.82 4.11264 -0.391799 0.882248 0.863304 -0.904024 1.03439
13.84 4.12336 -0.378495 0.902936 0.845224 -0.904024 1.03439
13.86 4.13358 -0.365259 0.923624 0.827143 -0.904024 1.03439
13.88 4.14331 -0.352105 0.944312 0.809063 -0.904024 1.03439
13.9 4.15249 -0.339222 0.959965 0.772463 -1.83 0.78269
13.92 4.16104 -0.326799 0.975619 0.735862 -1.83 0.78269
13.94 4.16899 -0.314854 0.991273 0.699262 -1.83 0.78269
13.96 4.17636 -0.303401 1.00693 0.662662 -1.83 0.78269
13.98 4.18317 -0.292455 1.02258 0.626062 -1.83 0.78269
14 4.18942 -0.282033 1.03823 0.589462 -1.83 0.78269
14.02 4.19515 -0.272147 1.05389 0.552862 -1.83 0.78269
14.04 4.20036 -0.262812 1.06954 0.516262 -1.83 0.78269
14.06 4.20507 -0.254041 1.0852 0.479662 -1.83 0.78269
14.08 4.20932 -0.245848 1.10085 0.443062 -1.83 0.78269
14.1 4.21311 -0.238244 1.1165 0.406462 -1.83 0.78269
14.12 4.21646 -0.231243 1.13216 0.369862 -1.83 0.78269
14.14 4.21945 -0.224715 1.15095 0.348057 -1.09025 0.939729
14.16 4.22214 -0.218532 1.16975 0.326252 -1.09025 0.939729
14.18 4.22455 -0.212703 1.18854 0.304447 -1.09025 0.939729
14.2 4.22669 -0.207236 1.20734 0.282642 -1.09025 0.939729
14.22 4.22857 -0.202139 1.22613 0.260836 -1.09025 0.939729
14.24 4.23022 -0.197419 1.24492 0.239031 -1.09025 0.939729
14.26 4.23164 -0.193083 1.26372 0.217226 -1.09025 0.939729
14.28 4.23285 -0.189138 1.28251 0.195421 -1.09025 0.939729
14.3 4.23386 -0.185591 1.30131 0.173616 -1.09025 0.939729
14.32 4.2347 -0.182446 1.3201 0.151811 -1.09025 0.939729
14.34 4.23538 -0.17971 1.3389 0.130006 -1.09025 0.939729
14.36 4.2359 -0.177387 1.35769 0.108201 -1.09025 0.939729
14.38 4.2363 -0.175481 1.37649 0.0863963 -1.09025 0.939729
14.4 4.23657 -0.173997 1.39528 0.0645912 -1.09025 0.939729
14.42 4.23675 -0.172938 1.41408 0.0427862 -1.09025 0.939729
14.44 4.23685 -0.172307 1.43287 0.0209812 -1.09025 0.939729
14.46 4.23687 -0.172108 1.45167 -0.000823838 -1.09025 0.939729
14.48 4.23685 -0.172341 1.47046 -0.0226289 -1.09025 0.939729
14.5 4.23683 -0.17252 1.48246 0.00459913 1.3614 0.599837
14.52 4.23686 -0.172157 1.49445 0.0318271 1.3614 0.599837
14.54 4.23692 -0.171251 1.50645 0.0590551 1.3614 0.599837
14.56 4.23701 -0.1698 1.51845 0.0862831 1.3614 0.599837
14.58 4.2371 -0.167804 1.53044 0.113511 1.3614 0.599837
14.6 4.23719 -0.165263 1.54244 0.140739 1.3614 0.599837
14.62 4.23726 -0.162177 1.55444 0.167967 1.3614 0.599837
14.64 4.23729 -0.158545 1.56643 0.195195 1.3614 0.599837
14.66 4.23729 -0.154369 1.57843 0.222423 1.3614 0.599837
14.68 4.23722 -0.149649 1.59043 0.249651 1.3614 0.599837
14.7 4.23708 -0.144385 1.60242 0.276879 1.3614 0.599837
14.72 4.23687 -0.13858 1.61442 0.304107 1.3614 0.599837
14.74 4.23655 -0.132233 1.62642 0.331335 1.3614 0.599837
14.76 4.23612 -0.125347 1.63841 0.358563 1.3614 0.599837
14.78 4.23558 -0.117924 1.65041 0.385791 1.3614 0.599837
14.8 4.23489 -0.109965 1.66241 0.413019 1.3614 0.599837
14.82 4.23406 -0.101473 1.6744 0.440247 1.3614 0.599837
14.84 4.23307 -0.0924506 1.6864 0.467475 1.3614 0.599837
14.86 4.2319 -0.0829 1.6984 0.494703 1.3614 0.599837
14.88 4.23055 -0.0728244 1.71039 0.521931 1.3614 0.599837
14.9 4.22899 -0.0622269 1.72239 0.549159 1.3614 0.599837
14.92 4.22722 -0.0511111 1.73439 0.576387 1.3614 0.599837
14.94 4.22523 -0.0394805 1.74638 0.603615 1.3614 0.599837
14.96 4.223 -0.0273391 1.75838 0.630843 1.3614 0.599837
14.98 4.22052 -0.0146909 1.77038 0.658071 1.3614 0.599837
15 4.21778 -0.00154023 1.78237 0.685299 1.3614 0.599837
15.02 4.21476 0.0121083 1.79437 0.712527 1.3614 0.599837
15.04 4.21146 0.0262499 1.80637 0.739755 1.3614 0.599837
15.06 4.20785 0.0408795 1.81837 0.766983 1.3614 0.599837
15.08 4.20393 0.055992 1.83036 0.794211 1.3614 0.599837
15.1 4.19969 0.0715819 1.84236 0.821439 1.3614 0.599837
15.12 4.19512 0.0876435 1.85436 0.848667 1.3614 0.599837
15.14 4.19019 0.104171 1.86635 0.875895 1.3614 0.599837
15.16 4.18491 0.121158 1.87835 0.903123 1.3614 0.599837
15.18 4.17925 0.138599 1.89035 0.930351 1.3614 0.599837
15.2 4.17321 0.156486 1.90234 0.957579 1.3614 0.599837
15.22 4.16678 0.174814 1.91434 0.984807 1.3614 0.599837
15.24 4.15994 0.193574 1.92634 1.01203 1.3614 0.599837
15.26 4.15268 0.212761 1.93833 1.03926 1.3614 0.599837
15.28 4.145 0.232366 1.95033 1.06649 1.3614 0.599837
15.3 4.13737 0.25209 1.9292 1.04832 -0.908358 -1.05629
15.32 4.13029 0.27163 1.90808 1.03016 -0.908358 -1.05629
15.34 4.12373 0.29097 1.88695 1.01199 -0.908358 -1.05629
15.36 4.1177 0.310098 1.86583 0.993822 -0.908358 -1.05629
15.38 4.11217 0.329001 1.8447 0.975655 -0.908358 -1.05629
15.4 4.10714 0.347666 1.82357 0.957488 -0.908358 -1.05629
15.42 4.10259 0.36608 1.80245 0.939321 -0.908358 -1.05629
15.44 4.09851 0.384231 1.78132 0.921154 -0.908358 -1.05629
15.46 4.09488 0.402108 1.7602 0.902987 -0.908358 -1.05629
15.48 4.0917 0.419701 1.73907 0.884819 -0.908358 -1.05629
15.5 4.08895 0.436998 1.71795 0.866652 -0.908358 -1.05629
15.52 4.08661 0.453989 1.69682 0.848485 -0.908358 -1.05629
15.54 4.08468 0.470665 1.67569 0.830318 -0.908358 -1.05629
15.56 4.08313 0.487016 1.65457 0.812151 -0.908358 -1.05629
15.58 4.08196 0.503034 1.63344 0.793984 -0.908358 -1.05629
15.6 4.08114 0.518711 1.61232 0.775816 -0.908358 -1.05629
15.62 4.08066 0.534038 1.59119 0.757649 -0.908358 -1.05629
15.64 4.08052 0.549008 1.57007 0.739482 -0.908358 -1.05629
15.66 4.08068 0.563615 1.54894 0.721315 -0.908358 -1.05629
15.68 4.08114 0.577852 1.52781 0.703148 -0.908358 -1.05629
15.7 4.08188 0.591713 1.50669 0.684981 -0.908358 -1.05629
15.72 4.08289 0.605193 1.48556 0.666814 -0.908358 -1.05629
15.74 4.08415 0.618287 1.46444 0.648646 -0.908358 -1.05629
15.76 4.08564 0.630991 1.44331 0.630479 -0.908358 -1.05629
15.78 4.08735 0.6433 1.42219 0.612312 -0.908358 -1.05629
15.8 4.08926 0.655212 1.40106 0.594145 -0.908358 -1.05629
15.82 4.09136 0.666724 1.37993 0.575978 -0.908358 -1.05629
15.84 4.09363 0.677832 1.35881 0.557811 -0.908358 -1.05629
15.86 4.09605 0.688536 1.33768 0.539643 -0.908358 -1.05629
15.88 4.09861 0.698834 1.31656 0.521476 -0.908358 -1.05629
15.9 4.10129 0.708724 1.29543 0.503309 -0.908358 -1.05629
15.92 4.10408 0.718208 1.27431 0.485142 -0.908358 -1.05629
15.94 4.10695 0.727283 1.25318 0.466975 -0.908358 -1.05629
15.96 4.1099 0.735953 1.23205 0.448808 -0.908358 -1.05629
15.98 4.11291 0.744216 1.21093 0.430641 -0.908358 -1.05629
16 4.11597 0.752075 1.1898 0.412473 -0.908358 -1.05629
16.02 4.11904 0.759533 1.16868 0.394306 -0.908358 -1.05629
16.04 4.12213 0.76659 1.14755 0.376139 -0.908358 -1.05629
16.06 4.12522 0.773252 1.12643 0.357972 -0.908358 -1.05629
16.08 4.12828 0.77952 1.1053 0.339805 -0.908358 -1.05629
16.1 4.13131 0.785399 1.08417 0.321638 -0.908358 -1.05629
16.12 4.13429 0.790894 1.06305 0.30347 -0.908358 -1.05629
16.14 4.13721 0.796008 1.04192 0.285303 -0.908358 -1.05629
16.16 4.14005 0.800748 1.0208 0.267136 -0.908358 -1.05629
16.18 4.14279 0.80512 0.999671 0.248969 -0.908358 -1.05629
16.2 4.14543 0.809129 0.978545 0.230802 -0.908358 -1.05629
16.22 4.14794 0.812782 0.957419 0.212635 -0.908358 -1.05629
16.24 4.15021 0.816026 0.963656 0.183252 -1.46915 0.31185
16.26 4.15212 0.8188 0.969893 0.153869 -1.46915 0.31185
16.28 4.15369 0.821101 0.97613 0.124486 -1.46915 0.31185
16.3 4.15492 0.822924 0.982367 0.0951026 -1.46915 0.31185
16.32 4.1558 0.824264 0.988604 0.0657196 -1.46915 0.31185
16.34 4.15636 0.825118 0.994841 0.0363366 -1.46915 0.31185
16.36 4.1566 0.825482 1.00108 0.00695356 -1.46915 0.31185
16.38 4.15652 0.825351 1.00732 -0.0224295 -1.46915 0.31185
16.4 4.15647 0.825283 1.00623 0.0143953 1.84124 -0.0544933
16.42 4.15682 0.825837 1.00514 0.0512202 1.84124 -0.0544933
16.44 4.15757 0.827012 1.00405 0.088045 1.84124 -0.0544933
16.46 4.15872 0.828808 1.00296 0.12487 1.84124 -0.0544933
16.48 4.16026 0.831223 1.00187 0.161695 1.84124 -0.0544933
16.5 4.1622 0.834257 1.00078 0.198519 1.84124 -0.0544933
16.52 4.16454 0.837908 0.999686 0.235344 1.84124 -0.0544933
16.54 4.16729 0.842176 0.998597 0.272169 1.84124 -0.0544933
16.56 4.17044 0.84706 0.997507 0.308994 1.84124 -0.0544933
16.58 4.17399 0.85256 0.996417 0.345819 1.84124 -0.0544933
16.6 4.17796 0.858673 0.995327 0.382643 1.84124 -0.0544933
16.62 4.18232 0.8654 0.994237 0.419468 1.84124 -0.0544933
16.64 4.1871 0.872739 0.993147 0.456293 1.84124 -0.0544933
16.66 4.19229 0.88069 0.992057 0.493118 1.84124 -0.0544933
16.68 4.19789 0.889251 0.990967 0.529943 1.84124 -0.0544933
16.7 4.20391 0.898423 0.989878 0.566767 1.84124 -0.0544933
16.72 4.21033 0.908203 0.988788 0.603592 1.84124 -0.0544933
16.74 4.21718 0.918591 0.987698 0.640417 1.84124 -0.0544933
16.76 4.22444 0.929586 0.986608 0.677242 1.84124 -0.0544933
16.78 4.23212 0.941188 0.985518 0.714067 1.84124 -0.0544933
16.8 4.24022 0.953395 0.984428 0.750892 1.84124 -0.0544933
16.82 4.24874 0.966206 0.983338 0.787716 1.84124 -0.0544933
16.84 4.25768 0.979621 0.982249 0.824541 1.84124 -0.0544933
16.86 4.26676 0.993532 1.00256 0.836823 0.61407 1.01574
16.88 4.27569 1.00783 1.02288 0.849104 0.61407 1.01574
16.9 4.28445 1.02252 1.04319 0.861385 0.61407 1.01574
16.92 4.29303 1.0376 1.06351 0.873667 0.61407 1.01574
16.94 4.30143 1.05307 1.08382 0.885948 0.61407 1.01574
16.96 4.30961 1.06892 1.10414 0.89823 0.61407 1.01574
16.98 4.31759 1.08516 1.12445 0.910511 0.61407 1.01574
17 4.32533 1.10177 1.14477 0.922792 0.61407 1.01574
17.02 4.33284 1.11877 1.16508 0.935074 0.61407 1.01574
17.04 4.34009 1.13614 1.1854 0.947355 0.61407 1.01574
17.06 4.34708 1.15388 1.20571 0.959637 0.61407 1.01574
17.08 4.35379 1.17199 1.22603 0.971918 0.61407 1.01574
17.1 4.36021 1.19047 1.24634 0.984199 0.61407 1.01574
17.12 4.36634 1.2093 1.26666 0.996481 0.61407 1.01574
17.14 4.37215 1.2285 1.28697 1.00876 0.61407 1.01574
17.16 4.37763 1.24804 1.30728 1.02104 0.61407 1.01574
17.18 4.38278 1.26793 1.3276 1.03332 0.61407 1.01574
17.2 4.38758 1.28815 1.34791 1.04561 0.61407 1.01574
17.22 4.39202 1.30871 1.36823 1.05789 0.61407 1.01574
17.24 4.39609 1.3296 1.38854 1.07017 0.61407 1.01574
17.26 4.39978 1.35081 1.40886 1.08245 0.61407 1.01574
17.28 4.40307 1.37233 1.42917 1.09473 0.61407 1.01574
17.3 4.40595 1.39416 1.44949 1.10701 0.61407 1.01574
17.32 4.40842 1.41628 1.4698 1.11929 0.61407 1.01574
17.34 4.41046 1.4387 1.49012 1.13158 0.61407 1.01574
17.36 4.41207 1.4614 1.51043 1.14386 0.61407 1.01574
17.38 4.41322 1.48437 1.53075 1.15614 0.61407 1.01574
17.4 4.41391 1.5076 1.55106 1.16842 0.61407 1.01574
17.42 4.41414 1.53109 1.57138 1.1807 0.61407 1.01574
17.44 4.41388 1.55483 1.59169 1.19298 0.61407 1.01574
17.46 4.41314 1.5788 1.61201 1.20526 0.61407 1.01574
17.48 4.41189 1.60299 1.63232 1.21755 0.61407 1.01574
17.5 4.41014 1.6274 1.65264 1.22983 0.61407 1.01574
17.52 4.40787 1.65202 1.67295 1.24211 0.61407 1.01574
17.54 4.40514 1.67663 1.68925 1.23463 -0.374099 0.815196
17.56 4.40204 1.70105 1.70556 1.22714 -0.374099 0.815196
17.58 4.39855 1.72527 1.72186 1.21966 -0.374099 0.815196
17.6 4.3947 1.74928 1.73817 1.21218 -0.374099 0.815196
17.62 4.39048 1.77308 1.75447 1.2047 -0.374099 0.815196
17.64 4.3859 1.79666 1.77077 1.19722 -0.374099 0.815196
17.66 4.38096 1.82001 1.78708 1.18973 -0.374099 0.815196
17.68 4.37569 1.84314 1.80338 1.18225 -0.374099 0.815196
17.7 4.37007 1.86603 1.81969 1.17477 -0.374099 0.815196
17.72 4.36411 1.88868 1.83599 1.16729 -0.374099 0.815196
17.74 4.35783 1.91109 1.85229 1.15981 -0.374099 0.815196
17.76 4.35123 1.93324 1.8686 1.15232 -0.374099 0.815196
17.78 4.34431 1.95515 1.8849 1.14484 -0.374099 0.815196
17.8 4.33708 1.9768 1.9012 1.13736 -0.374099 0.815196
17.82 4.32955 1.99818 1.91751 1.12988 -0.374099 0.815196
17.84 4.32173 2.0193 1.93381 1.1224 -0.374099 0.815196
17.86 4.31361 2.04015 1.95012 1.11492 -0.374099 0.815196
17.88 4.30521 2.06073 1.96642 1.10743 -0.374099 0.815196
17.9 4.29654 2.08102 1.98272 1.09995 -0.374099 0.815196
17.92 4.2876 2.10104 1.99903 1.09247 -0.374099 0.815196
17.94 4.2784 2.12078 2.01533 1.08499 -0.374099 0.815196
17.96 4.26894 2.14022 2.03164 1.07751 -0.374099 0.815196
17.98 4.25923 2.15938 2.04794 1.07002 -0.374099 0.815196
18 4.24929 2.17824 2.06424 1.06254 -0.374099 0.815196
18.02 4.2391 2.19681 2.08055 1.05506 -0.374099 0.815196
18.04 4.2287 2.21508 2.09685 1.04758 -0.374099 0.815196
18.06 4.21807 2.23305 2.11316 1.0401 -0.374099 0.815196
18.08 4.20722 2.25071 2.12946 1.03261 -0.374099 0.815196
18.1 4.19617 2.26807 2.14576 1.02513 -0.374099 0.815196
18.12 4.18493 2.28512 2.16207 1.01765 -0.374099 0.815196
18.14 4.17349 2.30187 2.17837 1.01017 -0.374099 0.815196
18.16 4.16186 2.3183 2.19468 1.00269 -0.374099 0.815196
18.18 4.15006 2.33442 2.21098 0.995203 -0.374099 0.815196
18.2 4.13809 2.35022 2.22728 0.987721 -0.374099 0.815196
18.22 4.12595 2.36571 2.24359 0.980239 -0.374099 0.815196
18.24 4.11365 2.38089 2.25989 0.972757 -0.374099 0.815196
18.26 4.10121 2.39574 2.27619 0.965275 -0.374099 0.815196
18.28 4.08862 2.41028 2.2925 0.957793 -0.374099 0.815196
18.3 4.0759 2.4245 2.3088 0.950311 -0.374099 0.815196
18.32 4.06334 2.43866 2.28401 0.941867 -0.422201 -1.23988
18.34 4.05125 2.45299 2.25921 0.933423 -0.422201 -1.23988
18.36 4.03962 2.46749 2.23441 0.924979 -0.422201 -1.23988
18.38 4.02846 2.48213 2.20961 0.916535 -0.422201 -1.23988
18.4 4.01776 2.49692 2.18481 0.908091 -0.422201 -1.23988
18.42 4.00753 2.51182 2.16002 0.899647 -0.422201 -1.23988
18.44 3.99777 2.52683 2.13522 0.891203 -0.422201 -1.23988
18.46 3.98846 2.54193 2.11042 0.882759 -0.422201 -1.23988
18.48 3.97962 2.55712 2.08562 0.874315 -0.422201 -1.23988
18.5 3.97124 2.57237 2.06083 0.865871 -0.422201 -1.23988
18.52 3.96332 2.58767 2.03603 0.857427 -0.422201 -1.23988
18.54 3.95586 2.60301 2.01123 0.848983 -0.422201 -1.23988
18.56 3.94884 2.61839 1.98643 0.840539 -0.422201 -1.23988
18.58 3.94228 2.63377 1.96164 0.832095 -0.422201 -1.23988
18.6 3.93616 2.64915 1.93684 0.823651 -0.422201 -1.23988
18.62 3.93048 2.66453 1.91204 0.815207 -0.422201 -1.23988
18.64 3.92525 2.67988 1.88724 0.806763 -0.422201 -1.23988
18.66 3.92044 2.69519 1.86245 0.798319 -0.422201 -1.23988
18.68 3.91606 2.71046 1.83765 0.789875 -0.422201 -1.23988
18.7 3.91211 2.72567 1.81285 0.781431 -0.422201 -1.23988
18.72 3.90857 2.7408 1.78805 0.772987 -0.422201 -1.23988
18.74 3.90544 2.75585 1.76326 0.764543 -0.422201 -1.23988
18.76 3.90272 2.77081 1.73846 0.756099 -0.422201 -1.23988
18.78 3.90039 2.78567 1.71366 0.747655 -0.422201 -1.23988
18.8 3.89846 2.80041 1.68886 0.739211 -0.422201 -1.23988
18.82 3.89678 2.81471 1.68604 0.70068 -1.92653 -0.141284
18.84 3.89523 2.82825 1.68321 0.66215 -1.92653 -0.141284
18.86 3.89381 2.84103 1.68039 0.623619 -1.92653 -0.141284
18.88 3.8925 2.85305 1.67756 0.585089 -1.92653 -0.141284
18.9 3.89131 2.8643 1.67473 0.546558 -1.92653 -0.141284
18.92 3.89023 2.87479 1.67191 0.508027 -1.92653 -0.141284
18.94 3.88926 2.88452 1.66908 0.469497 -1.92653 -0.141284
18.96 3.88839 2.89348 1.66626 0.430966 -1.92653 -0.141284
18.98 3.88762 2.90168 1.66343 0.392436 -1.92653 -0.141284
19 3.88694 2.90911 1.66061 0.353905 -1.92653 -0.141284
19.02 3.88634 2.91578 1.65778 0.315375 -1.92653 -0.141284
19.04 3.88584 2.92168 1.65495 0.276844 -1.92653 -0.141284
19.06 3.88541 2.92681 1.65213 0.238314 -1.92653 -0.141284
19.08 3.88506 2.93118 1.6493 0.199783 -1.92653 -0.141284
19.1 3.88478 2.93478 1.64648 0.161252 -1.92653 -0.141284
19.12 3.88457 2.93761 1.64365 0.122722 -1.92653 -0.141284
19.14 3.88443 2.93968 1.64083 0.0841914 -1.92653 -0.141284
19.16 3.88434 2.94097 1.638 0.0456608 -1.92653 -0.141284
19.18 3.8843 2.9415 1.63517 0.00713028 -1.92653 -0.141284
19.2 3.88432 2.94126 1.63235 -0.0314003 -1.92653 -0.141284
19.22 3.88438 2.94024 1.62952 -0.0699308 -1.92653 -0.141284
19.24 3.88448 2.93846 1.6267 -0.108461 -1.92653 -0.141284
19.26 3.88462 2.93591 1.62387 -0.146992 -1.92653 -0.141284
19.28 3.88479 2.93259 1.62105 -0.185522 -1.92653 -0.141284
19.3 3.88499 2.9285 1.61822 -0.224053 -1.92653 -0.141284
19.32 3.88521 2.92364 1.6154 -0.262584 -1.92653 -0.141284
19.34 3.88546 2.91801 1.61257 -0.301114 -1.92653 -0.141284
19.36 3.88571 2.91161 1.60974 -0.339645 -1.92653 -0.141284
19.38 3.88598 2.90443 1.60692 -0.378175 -1.92653 -0.141284
19.4 3.88626 2.89649 1.60409 -0.416706 -1.92653 -0.141284
19.42 3.88654 2.88777 1.60127 -0.455236 -1.92653 -0.141284
19.44 3.88681 2.87829 1.59844 -0.493767 -1.92653 -0.141284
19.46 3.88708 2.86803 1.59562 -0.532297 -1.92653 -0.141284
19.48 3.88734 2.857 1.59279 -0.570828 -1.92653 -0.141284
19.5 3.88756 2.84588 1.58924 -0.541401 1.47135 -0.177664
19.52 3.88774 2.83535 1.58568 -0.511974 1.47135 -0.177664
19.54 3.88787 2.82541 1.58213 -0.482547 1.47135 -0.177664
19.56 3.88796 2.81605 1.57858 -0.45312 1.47135 -0.177664
19.58 3.88801 2.80728 1.57502 -0.423693 1.47135 -0.177664
19.6 3.88803 2.7991 1.57147 -0.394266 1.47135 -0.177664
19.62 3.88803 2.79151 1.56792 -0.364839 1.47135 -0.177664
19.64 3.88799 2.78451 1.56436 -0.335412 1.47135 -0.177664
19.66 3.88794 2.77809 1.56081 -0.305985 1.47135 -0.177664
19.68 3.88787 2.77227 1.55726 -0.276558 1.47135 -0.177664
19.7 3.88779 2.76703 1.5537 -0.247131 1.47135 -0.177664
19.72 3.8877 2.76239 1.55015 -0.217704 1.47135 -0.177664
19.74 3.88761 2.75833 1.5466 -0.188277 1.47135 -0.177664
19.76 3.88752 2.75486 1.54304 -0.15885 1.47135 -0.177664
19.78 3.88744 2.75197 1.53949 -0.129423 1.47135 -0.177664
19.8 3.88736 2.74968 1.53594 -0.0999958 1.47135 -0.177664
19.82 3.8873 2.74798 1.53238 -0.0705687 1.47135 -0.177664
19.84 3.88726 2.74686 1.52883 -0.0411417 1.47135 -0.177664
19.86 3.88723 2.74633 1.52528 -0.0117147 1.47135 -0.177664
19.88 3.88724 2.74639 1.52172 0.0177123 1.47135 -0.177664
19.9 3.88727 2.74704 1.51817 0.0471393 1.47135 -0.177664
19.92 3.88734 2.74828 1.51462 0.0765663 1.47135 -0.177664
19.94 3.88744 2.7501 1.51106 0.105993 1.47135 -0.177664
19.96 3.88759 2.75251 1.50751 0.13542 1.47135 -0.177664
19.98 3.88779 2.7555 1.50396 0.164847 1.47135 -0.177664
20 3.88803 2.75909 1.5004 0.194274 1.47135 -0.177664
20.02 3.88833 2.76326 1.49685 0.223701 1.47135 -0.177664
20.04 3.8887 2.76801 1.4933 0.253128 1.47135 -0.177664
20.06 3.88912 2.77335 1.48974 0.282555 1.47135 -0.177664
20.08 3.88961 2.77928 1.48619 0.311982 1.47135 -0.177664
20.1 3.89018 2.78579 1.48264 0.341409 1.47135 -0.177664
20.12 3.89082 2.79288 1.47908 0.370836 1.47135 -0.177664
20.14 3.89154 2.80056 1.47553 0.400263 1.47135 -0.177664
20.16 3.89234 2.80882 1.47198 0.42969 1.47135 -0.177664
20.18 3.89323 2.81766 1.46842 0.459118 1.47135 -0.177664
20.2 3.89422 2.82708 1.46487 0.488545 1.47135 -0.177664
20.22 3.8953 2.83709 1.46132 0.517972 1.47135 -0.177664
20.24 3.89648 2.84768 1.45777 0.547399 1.47135 -0.177664
20.26 3.89777 2.85885 1.45421 0.576826 1.47135 -0.177664
20.28 3.89917 2.8706 1.45066 0.606253 1.47135 -0.177664
20.3 3.90068 2.88292 1.44711 0.63568 1.47135 -0.177664
20.32 3.90231 2.89583 1.44355 0.665107 1.47135 -0.177664
20.34 3.90406 2.90931 1.44 0.694534 1.47135 -0.177664
20.36 3.90593 2.92337 1.43645 0.723961 1.47135 -0.177664
20.38 3.90794 2.93801 1.43289 0.753388 1.47135 -0.177664
20.4 3.91008 2.95322 1.42934 0.782815 1.47135 -0.177664
20.42 3.91235 2.96901 1.42579 0.812242 1.47135 -0.177664
20.44 3.91477 2.98537 1.42223 0.841669 1.47135 -0.177664
20.46 3.91734 3.0023 1.41868 0.871096 1.47135 -0.177664
20.48 3.92005 3.01981 1.41513 0.900523 1.47135 -0.177664
20.5 3.92287 3.03784 1.41627 0.924535 1.2006 0.0571711
20.52 3.92574 3.05635 1.41741 0.948547 1.2006 0.0571711
20.54 3.92867 3.07534 1.41856 0.972559 1.2006 0.0571711
20.56 3.93164 3.0948 1.4197 0.996571 1.2006 0.0571711
20.58 3.93467 3.11475 1.42084 1.02058 1.2006 0.0571711
20.6 3.93774 3.13517 1.42199 1.04459 1.2006 0.0571711
20.62 3.94086 3.15607 1.42313 1.06861 1.2006 0.0571711
20.64 3.94403 3.17745 1.42427 1.09262 1.2006 0.0571711
20.66 3.94724 3.19931 1.42542 1.11663 1.2006 0.0571711
20.68 3.95078 3.2216 1.40204 1.14083 1.20984 -1.16873
20.7 3.95491 3.24429 1.37867 1.16502 1.20984 -1.16873
20.72 3.95968 3.26734 1.35529 1.18922 1.20984 -1.16873
20.74 3.96509 3.29075 1.33192 1.21342 1.20984 -1.16873
20.76 3.97117 3.31449 1.30854 1.23761 1.20984 -1.16873
20.78 3.97793 3.33855 1.28517 1.26181 1.20984 -1.16873
20.8 3.9854 3.36291 1.2618 1.28601 1.20984 -1.16873
20.82 3.99358 3.38755 1.23842 1.31021 1.20984 -1.16873
20.84 4.0025 3.41245 1.21505 1.3344 1.20984 -1.16873
20.86 4.01218 3.43758 1.19167 1.3586 1.20984 -1.16873
20.88 4.02262 3.46292 1.1683 1.3828 1.20984 -1.16873
20.9 4.03385 3.48846 1.14492 1.40699 1.20984 -1.16873
20.92 4.04588 3.51417 1.12155 1.43119 1.20984 -1.16873
20.94 4.05872 3.54002 1.09817 1.45539 1.20984 -1.16873
20.96 4.07238 3.56599 1.0748 1.47958 1.20984 -1.16873
20.98 4.08689 3.59206 1.05142 1.50378 1.20984 -1.16873
21 4.10224 3.61821 1.02805 1.52798 1.20984 -1.16873
21.02 4.11846 3.64439 1.00468 1.55217 1.20984 -1.16873
21.04 4.13555 3.6706 0.981301 1.57637 1.20984 -1.16873
21.06 4.15352 3.6968 0.957926 1.60057 1.20984 -1.16873
21.08 4.17238 3.72296 0.934552 1.62476 1.20984 -1.16873
21.1 4.19213 3.74906 0.911177 1.64896 1.20984 -1.16873
21.12 4.2128 3.77507 0.887803 1.67316 1.20984 -1.16873
21.14 4.23437 3.80096 0.864428 1.69735 1.20984 -1.16873
21.16 4.25687 3.82671 0.841054 1.72155 1.20984 -1.16873
21.18 4.28029 3.85228 0.817679 1.74575 1.20984 -1.16873
21.2 4.30463 3.87765 0.794305 1.76994 1.20984 -1.16873
21.22 4.3299 3.90278 0.77093 1.79414 1.20984 -1.16873
21.24 4.3561 3.92764 0.747556 1.81834 1.20984 -1.16873
21.26 4.38324 3.95221 0.724181 1.84254 1.20984 -1.16873
21.28 4.41131 3.97646 0.700807 1.86673 1.20984 -1.16873
21.3 4.44031 4.00035 0.677432 1.89093 1.20984 -1.16873
21.32 4.47024 4.02386 0.654057 1.91513 1.20984 -1.16873
21.34 4.5011 4.04695 0.630683 1.93932 1.20984 -1.16873
21.36 4.53289 4.06959 0.607308 1.96352 1.20984 -1.16873
21.38 4.5656 4.09176 0.583934 1.98772 1.20984 -1.16873
21.4 4.59922 4.11342 0.560559 2.01191 1.20984 -1.16873
21.42 4.63376 4.13454 0.537185 2.03611 1.20984 -1.16873
21.44 4.66919 4.15508 0.51381 2.06031 1.20984 -1.16873
21.46 4.70553 4.17503 0.490436 2.0845 1.20984 -1.16873
21.48 4.74274 4.19435 0.467061 2.1087 1.20984 -1.16873
21.5 4.78084 4.213 0.443687 2.1329 1.20984 -1.16873
21.52 4.81917 4.23081 0.42622 2.09447 -1.92121 -0.873358
21.54 4.85711 4.24764 0.408752 2.05605 -1.92121 -0.873358
21.56 4.89463 4.26351 0.391285 2.01762 -1.92121 -0.873358
21.58 4.93171 4.27843 0.373818 1.9792 -1.92121 -0.873358
21.6 4.96833 4.29242 0.356351 1.94078 -1.92121 -0.873358
21.62 5.00446 4.30552 0.338884 1.90235 -1.92121 -0.873358
21.64 5.04009 4.31773 0.321417 1.86393 -1.92121 -0.873358
21.66 5.07519 4.32908 0.303949 1.8255 -1.92121 -0.873358
21.68 5.10975 4.33959 0.286482 1.78708 -1.92121 -0.873358
21.7 5.14375 4.34929 0.269015 1.74866 -1.92121 -0.873358
21.72 5.17718 4.35819 0.251548 1.71023 -1.92121 -0.873358
21.74 5.21 4.36632 0.234081 1.67181 -1.92121 -0.873358
21.76 5.24222 4.37371 0.216614 1.63338 -1.92121 -0.873358
21.78 5.27381 4.38037 0.199147 1.59496 -1.92121 -0.873358
21.8 5.30475 4.38634 0.181679 1.55654 -1.92121 -0.873358
21.82 5.33504 4.39163 0.164212 1.51811 -1.92121 -0.873358
21.84 5.36466 4.39627 0.146745 1.47969 -1.92121 -0.873358
21.86 5.39359 4.40029 0.129278 1.44126 -1.92121 -0.873358
21.88 5.42182 4.40371 0.111811 1.40284 -1.92121 -0.873358
21.9 5.44935 4.40656 0.0943436 1.36441 -1.92121 -0.873358
21.92 5.47615 4.40886 0.0768764 1.32599 -1.92121 -0.873358
21.94 5.50223 4.41064 0.0594093 1.28757 -1.92121 -0.873358
21.96 5.52756 4.41193 0.0419421 1.24914 -1.92121 -0.873358
21.98 5.55215 4.41275 0.0244749 1.21072 -1.92121 -0.873358
22 5.57597 4.41312 0.00700777 1.17229 -1.92121 -0.873358
22.02 5.59903 4.41308 -0.0104594 1.13387 -1.92121 -0.873358
22.04 5.62132 4.41266 -0.0279265 1.09545 -1.92121 -0.873358
22.06 5.64283 4.41187 -0.0453937 1.05702 -1.92121 -0.873358
22.08 5.66356 4.41075 -0.0628609 1.0186 -1.92121 -0.873358
22.1 5.68349 4.40932 -0.080328 0.980173 -1.92121 -0.873358
22.12 5.70273 4.40776 -0.0812763 0.950037 -1.5068 -0.0474155
22.14 5.72137 4.40623 -0.0822246 0.919901 -1.5068 -0.0474155
22.16 5.7394 4.40474 -0.0831729 0.889765 -1.5068 -0.0474155
22.18 5.75684 4.40328 -0.0841213 0.859629 -1.5068 -0.0474155
22.2 5.77367 4.40185 -0.0850696 0.829493 -1.5068 -0.0474155
22.22 5.7899 4.40046 -0.0860179 0.799357 -1.5068 -0.0474155
22.24 5.80552 4.3991 -0.0869662 0.769221 -1.5068 -0.0474155
22.26 5.82055 4.39779 -0.0879145 0.739085 -1.5068 -0.0474155
22.28 5.83497 4.39651 -0.0888628 0.708949 -1.5068 -0.0474155
22.3 5.8488 4.39527 -0.0898111 0.678813 -1.5068 -0.0474155
22.32 5.86202 4.39407 -0.0907594 0.648677 -1.5068 -0.0474155
22.34 5.87464 4.39292 -0.0917077 0.618541 -1.5068 -0.0474155
22.36 5.88665 4.39181 -0.092656 0.588405 -1.5068 -0.0474155
22.38 5.89807 4.39074 -0.0936044 0.558269 -1.5068 -0.0474155
22.4 5.90889 4.38972 -0.0945527 0.528133 -1.5068 -0.0474155
22.42 5.9191 4.38875 -0.095501 0.497997 -1.5068 -0.0474155
22.44 5.92872 4.38782 -0.0964493 0.467861 -1.5068 -0.0474155
22.46 5.93773 4.38695 -0.0973976 0.437725 -1.5068 -0.0474155
22.48 5.94614 4.38612 -0.0983459 0.407588 -1.5068 -0.0474155
22.5 5.95395 4.38535 -0.0992942 0.377452 -1.5068 -0.0474155
22.52 5.96117 4.38462 -0.100243 0.347316 -1.5068 -0.0474155
22.54 5.96778 4.38396 -0.101191 0.31718 -1.5068 -0.0474155
22.56 5.97379 4.38334 -0.102139 0.287044 -1.5068 -0.0474155
22.58 5.9792 4.38279 -0.103087 0.256908 -1.5068 -0.0474155
22.6 5.98401 4.38229 -0.104036 0.226772 -1.5068 -0.0474155
22.62 5.98822 4.38184 -0.104984 0.196636 -1.5068 -0.0474155
22.64 5.99183 4.38146 -0.105932 0.1665 -1.5068 -0.0474155
22.66 5.99484 4.38114 -0.106881 0.136364 -1.5068 -0.0474155
22.68 5.99726 4.38088 -0.107829 0.106228 -1.5068 -0.0474155
22.7 5.99907 4.38068 -0.108777 0.0760919 -1.5068 -0.0474155
22.72 6.00028 4.38055 -0.109726 0.0459558 -1.5068 -0.0474155
22.74 6.0009 4.38048 -0.110674 0.0158198 -1.5068 -0.0474155
22.76 6.00091 4.38048 -0.111622 -0.0143163 -1.5068 -0.0474155
22.78 6.00033 4.38055 -0.112571 -0.0444523 -1.5068 -0.0474155
22.8 5.99914 4.38068 -0.113519 -0.0745884 -1.5068 -0.0474155
22.82 5.99736 4.38089 -0.114467 -0.104724 -1.5068 -0.0474155
22.84 5.99498 4.38116 -0.115415 -0.134861 -1.5068 -0.0474155
22.86 5.992 4.38151 -0.116364 -0.164997 -1.5068 -0.0474155
22.88 5.98843 4.38193 -0.117312 -0.195133 -1.5068 -0.0474155
22.9 5.98471 4.38235 -0.10852 -0.179404 0.786436 0.439585
22.92 5.98129 4.38271 -0.0997287 -0.163675 0.786436 0.439585
22.94 5.97819 4.383 -0.090937 -0.147946 0.786436 0.439585
22.96 5.9754 4.38325 -0.0821453 -0.132218 0.786436 0.439585
22.98 5.97292 4.38344 -0.0733536 -0.116489 0.786436 0.439585
23 5.97075 4.38359 -0.0645619 -0.10076 0.786436 0.439585
23.02 5.9689 4.3837 -0.0557702 -0.0850315 0.786436 0.439585
23.04 5.96736 4.38378 -0.0469785 -0.0693028 0.786436 0.439585
23.06 5.96613 4.38383 -0.0381868 -0.0535741 0.786436 0.439585
23.08 5.96522 4.38386 -0.0293951 -0.0378454 0.786436 0.439585
23.1 5.96464 4.38388 -0.027205 -0.0201878 0.882879 0.109505
23.12 5.96441 4.38389 -0.0250149 -0.00253018 0.882879 0.109505
23.14 5.96454 4.38388 -0.0228248 0.0151274 0.882879 0.109505
23.16 5.96501 4.38387 -0.0206347 0.032785 0.882879 0.109505
23.18 5.96585 4.38386 -0.0184446 0.0504426 0.882879 0.109505
23.2 5.96695 4.38383 -0.0318408 0.0599118 0.473461 -0.66981
23.22 5.96824 4.38378 -0.045237 0.069381 0.473461 -0.66981
23.24 5.96972 4.3837 -0.0586332 0.0788503 0.473461 -0.66981
23.26 5.97139 4.38359 -0.0720294 0.0883195 0.473461 -0.66981
23.28 5.97325 4.38345 -0.0854256 0.0977887 0.473461 -0.66981
23.3 5.97529 4.38326 -0.0988218 0.107258 0.473461 -0.66981
23.32 5.97751 4.38302 -0.112218 0.116727 0.473461 -0.66981
23.34 5.97993 4.38273 -0.125614 0.126196 0.473461 -0.66981
23.36 5.98252 4.38239 -0.13901 0.135666 0.473461 -0.66981
23.38 5.98532 4.38199 -0.145379 0.146761 0.55475 -0.318432
23.4 5.98833 4.38154 -0.151748 0.157856 0.55475 -0.318432
23.42 5.99156 4.38103 -0.158116 0.168951 0.55475 -0.318432
23.44 5.995 4.38047 -0.164485 0.180046 0.55475 -0.318432
23.46 5.99866 4.37985 -0.170853 0.191141 0.55475 -0.318432
23.48 6.00254 4.37917 -0.177222 0.202236 0.55475 -0.318432
23.5 6.00663 4.37842 -0.183591 0.213331 0.55475 -0.318432
23.52 6.01093 4.37761 -0.189959 0.224426 0.55475 -0.318432
23.54 6.01544 4.37673 -0.196328 0.235521 0.55475 -0.318432
23.56 6.02017 4.37577 -0.202697 0.246616 0.55475 -0.318432
23.58 6.0251 4.37474 -0.209065 0.257711 0.55475 -0.318432
23.6 6.03025 4.37363 -0.215434 0.268806 0.55475 -0.318432
23.62 6.03561 4.37244 -0.221803 0.279901 0.55475 -0.318432
23.64 6.04117 4.37117 -0.228171 0.290996 0.55475 -0.318432
23.66 6.04695 4.36981 -0.23454 0.302091 0.55475 -0.318432
23.68 6.05293 4.36836 -0.240908 0.313186 0.55475 -0.318432
23.7 6.05911 4.36682 -0.247277 0.324281 0.55475 -0.318432
23.72 6.0655 4.36518 -0.253646 0.335376 0.55475 -0.318432
23.74 6.0721 4.36345 -0.260014 0.34647 0.55475 -0.318432
23.76 6.07889 4.36162 -0.266383 0.357565 0.55475 -0.318432
23.78 6.08589 4.35968 -0.272752 0.36866 0.55475 -0.318432
23.8 6.09309 4.35765 -0.27912 0.379755 0.55475 -0.318432
23.82 6.1005 4.3555 -0.285489 0.39085 0.55475 -0.318432
23.84 6.1081 4.35324 -0.291858 0.401945 0.55475 -0.318432
23.86 6.11589 4.35087 -0.298226 0.41304 0.55475 -0.318432
23.88 6.12389 4.34839 -0.304595 0.424135 0.55475 -0.318432
23.9 6.13208 4.34578 -0.310963 0.43523 0.55475 -0.318432
23.92 6.14046 4.34306 -0.317332 0.446325 0.55475 -0.318432
23.94 6.14904 4.34021 -0.323701 0.45742 0.55475 -0.318432
23.96 6.15781 4.33724 -0.330069 0.468515 0.55475 -0.318432
23.98 6.16677 4.33414 -0.336438 0.47961 0.55475 -0.318432
24 6.17592 4.3309 -0.342807 0.490705 0.55475 -0.318432
24.02 6.18525 4.32754 -0.349175 0.5018 0.55475 -0.318432
24.04 6.19478 4.32404 -0.355544 0.512895 0.55475 -0.318432
24.06 6.20449 4.3204 -0.361912 0.52399 0.55475 -0.318432
24.08 6.21438 4.31661 -0.368281 0.535085 0.55475 -0.318432
24.1 6.22445 4.31269 -0.37465 0.54618 0.55475 -0.318432
24.12 6.23471 4.30862 -0.381018 0.557275 0.55475 -0.318432
24.14 6.24515 4.3044 -0.387387 0.56837 0.55475 -0.318432
24.16 6.25576 4.30003 -0.393756 0.579465 0.55475 -0.318432
24.18 6.26655 4.29551 -0.400124 0.59056 0.55475 -0.318432
24.2 6.27751 4.29083 -0.406493 0.601655 0.55475 -0.318432
24.22 6.28865 4.28599 -0.412862 0.61275 0.55475 -0.318432
24.24 6.29997 4.28099 -0.41923 0.623845 0.55475 -0.318432
24.26 6.31145 4.27583 -0.425599 0.63494 0.55475 -0.318432
24.28 6.3231 4.2705 -0.431967 0.646035 0.55475 -0.318432
24.3 6.33478 4.26522 -0.417807 0.636012 -0.501145 0.707998
24.32 6.34635 4.26018 -0.403648 0.62599 -0.501145 0.707998
24.34 6.3578 4.25538 -0.389488 0.615967 -0.501145 0.707998
24.36 6.36914 4.25082 -0.375328 0.605944 -0.501145 0.707998
24.38 6.38035 4.2465 -0.361168 0.595921 -0.501145 0.707998
24.4 6.39144 4.2424 -0.347008 0.585898 -0.501145 0.707998
24.42 6.40239 4.23853 -0.332848 0.575875 -0.501145 0.707998
24.44 6.41321 4.23487 -0.318688 0.565852 -0.501145 0.707998
24.46 6.42388 4.23143 -0.304528 0.555829 -0.501145 0.707998
24.48 6.43441 4.2282 -0.290368 0.545806 -0.501145 0.707998
24.5 6.4448 4.22518 -0.276208 0.535784 -0.501145 0.707998
24.52 6.45503 4.22236 -0.262048 0.525761 -0.501145 0.707998
24.54 6.46511 4.21973 -0.247888 0.515738 -0.501145 0.707998
24.56 6.47503 4.21729 -0.233728 0.505715 -0.501145 0.707998
24.58 6.48479 4.21504 -0.219568 0.495692 -0.501145 0.707998
24.6 6.49438 4.21297 -0.205408 0.485669 -0.501145 0.707998
24.62 6.50381 4.21108 -0.191248 0.475646 -0.501145 0.707998
24.64 6.51306 4.20936 -0.177088 0.465623 -0.501145 0.707998
24.66 6.52214 4.2078 -0.162928 0.4556 -0.501145 0.707998
24.68 6.53104 4.2064 -0.148768 0.445578 -0.501145 0.707998
24.7 6.53976 4.20515 -0.134608 0.435555 -0.501145 0.707998
24.72 6.5483 4.20406 -0.120448 0.425532 -0.501145 0.707998
24.74 6.55666 4.20311 -0.106288 0.415509 -0.501145 0.707998
24.76 6.56483 4.20229 -0.0921285 0.405486 -0.501145 0.707998
24.78 6.57281 4.20161 -0.0779685 0.395463 -0.501145 0.707998
24.8 6.5806 4.20106 -0.0638086 0.38544 -0.501145 0.707998
24.82 6.5882 4.20063 -0.0496486 0.375417 -0.501145 0.707998
24.84 6.5956 4.20031 -0.0354887 0.365394 -0.501145 0.707998
24.86 6.6028 4.20011 -0.0213287 0.355371 -0.501145 0.707998
24.88 6.60981 4.20001 -0.00716877 0.345349 -0.501145 0.707998
24.9 6.61662 4.20001 0.00699119 0.335326 -0.501145 0.707998
24.92 6.62322 4.2001 0.0211511 0.325303 -0.501145 0.707998
24.94 6.62962 4.20028 0.0353111 0.31528 -0.501145 0.707998
24.96 6.63582 4.20054 0.0494711 0.305257 -0.501145 0.707998
24.98 6.64182 4.20088 0.063631 0.295234 -0.501145 0.707998
25 6.64761 4.20129 0.077791 0.285211 -0.501145 0.707998
25.02 6.65319 4.20177 0.0919509 0.275188 -0.501145 0.707998
25.04 6.65857 4.2023 0.106111 0.265165 -0.501145 0.707998
25.06 6.66374 4.20289 0.120271 0.255143 -0.501145 0.707998
25.08 6.6687 4.20352 0.134431 0.24512 -0.501145 0.707998
25.1 6.67346 4.2042 0.148591 0.235097 -0.501145 0.707998
25.12 6.678 4.20491 0.162751 0.225074 -0.501145 0.707998
25.14 6.68234 4.20566 0.176911 0.215051 -0.501145 0.707998
25.16 6.68647 4.20642 0.191071 0.205028 -0.501145 0.707998
25.18 6.6905 4.20717 0.177273 0.204952 -0.0037922 -0.689905
25.2 6.69454 4.20787 0.163474 0.204876 -0.0037922 -0.689905
25.22 6.69859 4.20851 0.149676 0.204801 -0.0037922 -0.689905
25.24 6.70264 4.20909 0.135878 0.204725 -0.0037922 -0.689905
25.26 6.7067 4.20962 0.12208 0.204649 -0.0037922 -0.689905
25.28 6.71076 4.21009 0.108282 0.204573 -0.0037922 -0.689905
25.3 6.71483 4.2105 0.0944839 0.204497 -0.0037922 -0.689905
25.32 6.71891 4.21086 0.0806858 0.204421 -0.0037922 -0.689905
25.34 6.72298 4.21116 0.0668877 0.204346 -0.0037922 -0.689905
25.36 6.72706 4.21141 0.0530896 0.20427 -0.0037922 -0.689905
25.38 6.73114 4.21159 0.0392915 0.204194 -0.0037922 -0.689905
25.4 6.73522 4.21173 0.0254934 0.204118 -0.0037922 -0.689905
25.42 6.7393 4.2118 0.0116953 0.204042 -0.0037922 -0.689905
25.44 6.74338 4.21182 -0.00210278 0.203966 -0.0037922 -0.689905
25.46 6.74746 4.21179 -0.0159009 0.20389 -0.0037922 -0.689905
25.48 6.75154 4.21169 -0.029699 0.203815 -0.0037922 -0.689905
25.5 6.75561 4.21154 -0.0434971 0.203739 -0.0037922 -0.689905
25.52 6.75968 4.21134 -0.0572952 0.203663 -0.0037922 -0.689905
25.54 6.76374 4.21108 -0.0710933 0.203587 -0.0037922 -0.689905
25.56 6.7678 4.21076 -0.0848914 0.203511 -0.0037922 -0.689905
25.58 6.77186 4.21039 -0.0986895 0.203435 -0.0037922 -0.689905
25.6 6.7759 4.20996 -0.112488 0.20336 -0.0037922 -0.689905
25.62 6.77994 4.20947 -0.126286 0.203284 -0.0037922 -0.689905
25.64 6.78397 4.20893 -0.140084 0.203208 -0.0037922 -0.689905
25.66 6.78775 4.20844 -0.119238 0.178551 -1.23285 1.04227
25.68 6.79106 4.20808 -0.0983928 0.153894 -1.23285 1.04227
25.7 6.79388 4.20783 -0.0775473 0.129237 -1.23285 1.04227
25.72 6.79621 4.20767 -0.0567018 0.10458 -1.23285 1.04227
25.74 6.79805 4.20758 -0.0358563 0.0799226 -1.23285 1.04227
25.76 6.7994 4.20755 -0.0150108 0.0552655 -1.23285 1.04227
25.78 6.80026 4.20754 0.00583467 0.0306085 -1.23285 1.04227
25.8 6.80063 4.20755 0.0266802 0.0059514 -1.23285 1.04227
25.82 6.8005 4.20754 0.0475257 -0.0187057 -1.23285 1.04227
25.84 6.79988 4.20751 0.0683711 -0.0433627 -1.23285 1.04227
25.86 6.79877 4.20742 0.0892166 -0.0680198 -1.23285 1.04227
25.88 6.79717 4.20726 0.110062 -0.0926768 -1.23285 1.04227
25.9 6.79509 4.207 0.130908 -0.117334 -1.23285 1.04227
25.92 6.79285 4.20671 0.128051 -0.108168 0.458305 -0.142812
25.94 6.7908 4.20645 0.125195 -0.0990017 0.458305 -0.142812
25.96 6.78892 4.20622 0.122339 -0.0898356 0.458305 -0.142812
25.98 6.78723 4.20601 0.119483 -0.0806695 0.458305 -0.142812
26 6.78572 4.20583 0.116626 -0.0715034 0.458305 -0.142812
26.02 6.78439 4.20568 0.11377 -0.0623373 0.458305 -0.142812
26.04 6.78324 4.20555 0.110914 -0.0531712 0.458305 -0.142812
26.06 6.78228 4.20544 0.108058 -0.0440051 0.458305 -0.142812
26.08 6.78149 4.20536 0.105201 -0.034839 0.458305 -0.142812
26.1 6.78089 4.2053 0.102345 -0.0256729 0.458305 -0.142812
26.12 6.78047 4.20525 0.0994889 -0.0165068 0.458305 -0.142812
26.14 6.78023 4.20523 0.0966327 -0.00734066 0.458305 -0.142812
26.16 6.78018 4.20523 0.0937764 0.00182544 0.458305 -0.142812
26.18 6.78031 4.20524 0.0909202 0.0109915 0.458305 -0.142812
26.2 6.78062 4.20527 0.0880639 0.0201576 0.458305 -0.142812
26.22 6.78115 4.20532 0.106085 0.0335999 0.672114 0.901074
26.24 6.78195 4.20541 0.124107 0.0470422 0.672114 0.901074
26.26 6.78302 4.20555 0.142128 0.0604845 0.672114 0.901074
26.28 6.78435 4.20576 0.16015 0.0739268 0.672114 0.901074
26.3 6.78594 4.20603 0.178171 0.087369 0.672114 0.901074
26.32 6.78779 4.20638 0.196193 0.100811 0.672114 0.901074
26.34 6.78989 4.20682 0.214214 0.114254 0.672114 0.901074
26.36 6.79225 4.20735 0.232236 0.127696 0.672114 0.901074
26.38 6.79486 4.208 0.250257 0.141138 0.672114 0.901074
26.4 6.79772 4.20876 0.268279 0.15458 0.672114 0.901074
26.42 6.80082 4.20964 0.2863 0.168023 0.672114 0.901074
26.44 6.80416 4.21066 0.304322 0.181465 0.672114 0.901074
26.46 6.80774 4.21182 0.322343 0.194907 0.672114 0.901074
26.48 6.81156 4.21313 0.340365 0.20835 0.672114 0.901074
26.5 6.8156 4.2146 0.358386 0.221792 0.672114 0.901074
26.52 6.81986 4.21624 0.376408 0.235234 0.672114 0.901074
26.54 6.82435 4.21806 0.394429 0.248676 0.672114 0.901074
26.56 6.82905 4.22007 0.412451 0.262119 0.672114 0.901074
26.58 6.83395 4.22227 0.430472 0.275561 0.672114 0.901074
26.6 6.83906 4.22467 0.448494 0.289003 0.672114 0.901074
26.62 6.84437 4.22728 0.466515 0.302446 0.672114 0.901074
26.64 6.84986 4.23012 0.484537 0.315888 0.672114 0.901074
26.66 6.85555 4.23317 0.502558 0.32933 0.672114 0.901074
26.68 6.86141 4.23646 0.52058 0.342772 0.672114 0.901074
26.7 6.86744 4.23999 0.538601 0.356215 0.672114 0.901074
26.72 6.87364 4.24377 0.556623 0.369657 0.672114 0.901074
26.74 6.87999 4.24781 0.574644 0.383099 0.672114 0.901074
26.76 6.8865 4.25211 0.592666 0.396541 0.672114 0.901074
26.78 6.89314 4.25667 0.610687 0.409984 0.672114 0.901074
26.8 6.89993 4.26151 0.628709 0.423426 0.672114 0.901074
26.82 6.90684 4.26663 0.64673 0.436868 0.672114 0.901074
26.84 6.91387 4.27204 0.664752 0.450311 0.672114 0.901074
26.86 6.92106 4.27752 0.637759 0.453591 0.164007 -1.34961
26.88 6.92845 4.28284 0.610767 0.456871 0.164007 -1.34961
26.9 6.93603 4.288 0.583775 0.460151 0.164007 -1.34961
26.92 6.9438 4.29299 0.556783 0.463431 0.164007 -1.34961
26.94 6.95177 4.29779 0.52979 0.466711 0.164007 -1.34961
26.96 6.95991 4.30242 0.502798 0.469991 0.164007 -1.34961
26.98 6.96824 4.30685 0.475806 0.473271 0.164007 -1.34961
27 6.97674 4.31109 0.448814 0.476552 0.164007 -1.34961
27.02 6.98541 4.31512 0.421822 0.479832 0.164007 -1.34961
27.04 6.99425 4.31894 0.394829 0.483112 0.164007 -1.34961
27.06 7.00325 4.32255 0.367837 0.486392 0.164007 -1.34961
27.08 7.0124 4.32594 0.340845 0.489672 0.164007 -1.34961
27.1 7.0217 4.3291 0.313853 0.492952 0.164007 -1.34961
27.12 7.03115 4.33202 0.28686 0.496232 0.164007 -1.34961
27.14 7.04074 4.33471 0.259868 0.499513 0.164007 -1.34961
27.16 7.05046 4.33716 0.232876 0.502793 0.164007 -1.34961
27.18 7.06031 4.33935 0.205884 0.506073 0.164007 -1.34961
27.2 7.07027 4.34129 0.178891 0.509353 0.164007 -1.34961
27.22 7.08035 4.34297 0.151899 0.512633 0.164007 -1.34961
27.24 7.09054 4.34439 0.124907 0.515913 0.164007 -1.34961
27.26 7.10083 4.34554 0.0979148 0.519193 0.164007 -1.34961
27.28 7.11121 4.34642 0.0709226 0.522473 0.164007 -1.34961
27.3 7.12167 4.34702 0.0439304 0.525754 0.164007 -1.34961
27.32 7.13221 4.34734 0.0169381 0.529034 0.164007 -1.34961
27.34 7.14283 4.34738 -0.0100541 0.532314 0.164007 -1.34961
27.36 7.1535 4.34713 -0.0370463 0.535594 0.164007 -1.34961
27.38 7.16423 4.34659 -0.0640385 0.538874 0.164007 -1.34961
27.4 7.17501 4.34575 -0.0910308 0.542154 0.164007 -1.34961
27.42 7.18583 4.34461 -0.118023 0.545434 0.164007 -1.34961
27.44 7.19667 4.34318 -0.145015 0.548714 0.164007 -1.34961
27.46 7.20754 4.34144 -0.172007 0.551995 0.164007 -1.34961
27.48 7.21842 4.3394 -0.199 0.555275 0.164007 -1.34961
27.5 7.22931 4.33705 -0.225992 0.558555 0.164007 -1.34961
27.52 7.23998 4.33444 -0.253998 0.539395 -0.957983 -1.40033
27.54 7.25019 4.33164 -0.282005 0.520236 -0.957983 -1.40033
27.56 7.25996 4.32866 -0.310011 0.501076 -0.957983 -1.40033
27.58 7.26928 4.32553 -0.338018 0.481916 -0.957983 -1.40033
27.6 7.27815 4.32227 -0.366024 0.462757 -0.957983 -1.40033
27.62 7.28657 4.31891 -0.394031 0.443597 -0.957983 -1.40033
27.64 7.29453 4.31547 -0.422038 0.424437 -0.957983 -1.40033
27.66 7.30206 4.31197 -0.450044 0.405278 -0.957983 -1.40033
27.68 7.30913 4.30842 -0.478051 0.386118 -0.957983 -1.40033
27.7 7.31583 4.30504 -0.458121 0.364007 -1.10557 0.996498
27.72 7.32219 4.30198 -0.438191 0.341895 -1.10557 0.996498
27.74 7.32821 4.29923 -0.418261 0.319784 -1.10557 0.996498
27.76 7.33387 4.29678 -0.398331 0.297672 -1.10557 0.996498
27.78 7.33918 4.29461 -0.378401 0.275561 -1.10557 0.996498
27.8 7.34411 4.2927 -0.358471 0.253449 -1.10557 0.996498
27.82 7.34867 4.29105 -0.338541 0.231338 -1.10557 0.996498
27.84 7.35284 4.28962 -0.318611 0.209227 -1.10557 0.996498
27.86 7.35661 4.28842 -0.298681 0.187115 -1.10557 0.996498
27.88 7.35999 4.28742 -0.278751 0.165004 -1.10557 0.996498
27.9 7.36296 4.2866 -0.258821 0.142892 -1.10557 0.996498
27.92 7.36551 4.28595 -0.238891 0.120781 -1.10557 0.996498
27.94 7.36765 4.28545 -0.218961 0.0986696 -1.10557 0.996498
27.96 7.36936 4.28508 -0.199031 0.0765582 -1.10557 0.996498
27.98 7.37065 4.28484 -0.179101 0.0544467 -1.10557 0.996498
28 7.37151 4.28469 -0.159171 0.0323353 -1.10557 0.996498
28.02 7.37193 4.28463 -0.139241 0.0102239 -1.10557 0.996498
28.04 7.37191 4.28463 -0.119311 -0.0118875 -1.10557 0.996498
28.06 7.37145 4.28468 -0.0993814 -0.0339989 -1.10557 0.996498
28.08 7.37056 4.28476 -0.0794515 -0.0561103 -1.10557 0.996498
28.1 7.36922 4.28485 -0.0595215 -0.0782217 -1.10557 0.996498
28.12 7.36743 4.28494 -0.0395916 -0.100333 -1.10557 0.996498
28.14 7.36521 4.285 -0.0196616 -0.122445 -1.10557 0.996498
28.16 7.36254 4.28503 0.00026832 -0.144556 -1.10557 0.996498
28.18 7.35942 4.285 0.0201983 -0.166667 -1.10557 0.996498
28.2 7.35587 4.28489 0.0401282 -0.188779 -1.10557 0.996498
28.22 7.35188 4.28469 0.0600582 -0.21089 -1.10557 0.996498
28.24 7.34745 4.28437 0.0799881 -0.233002 -1.10557 0.996498
28.26 7.34259 4.28394 0.0999181 -0.255113 -1.10557 0.996498
28.28 7.3373 4.28335 0.119848 -0.277224 -1.10557 0.996498
28.3 7.33158 4.2826 0.139778 -0.299336 -1.10557 0.996498
28.32 7.32544 4.28168 0.159708 -0.321447 -1.10557 0.996498
28.34 7.31886 4.28053 0.184939 -0.347455 -1.30041 1.26156
28.36 7.31179 4.27911 0.21017 -0.373464 -1.30041 1.26156
28.38 7.30425 4.2774 0.235402 -0.399472 -1.30041 1.26156
28.4 7.29625 4.27538 0.260633 -0.42548 -1.30041 1.26156
28.42 7.28781 4.27301 0.285864 -0.451488 -1.30041 1.26156
28.44 7.27893 4.27028 0.311095 -0.477496 -1.30041 1.26156
28.46 7.26963 4.26716 0.336327 -0.503504 -1.30041 1.26156
28.48 7.25992 4.26362 0.361558 -0.529512 -1.30041 1.26156
28.5 7.24982 4.25966 0.386789 -0.55552 -1.30041 1.26156
28.52 7.23935 4.25523 0.41202 -0.581528 -1.30041 1.26156
28.54 7.22852 4.25033 0.437252 -0.607536 -1.30041 1.26156
28.56 7.21734 4.24494 0.462483 -0.633545 -1.30041 1.26156
28.58 7.20584 4.23902 0.487714 -0.659553 -1.30041 1.26156
28.6 7.19404 4.23257 0.512945 -0.685561 -1.30041 1.26156
28.62 7.18196 4.22556 0.538176 -0.711569 -1.30041 1.26156
28.64 7.16961 4.21797 0.563408 -0.737577 -1.30041 1.26156
28.66 7.15702 4.2098 0.588639 -0.763585 -1.30041 1.26156
28.68 7.14421 4.20101 0.61387 -0.789593 -1.30041 1.26156
28.7 7.13121 4.1916 0.639101 -0.815601 -1.30041 1.26156
28.72 7.11804 4.18154 0.664333 -0.841609 -1.30041 1.26156
28.74 7.10471 4.17084 0.689564 -0.867618 -1.30041 1.26156
28.76 7.09127 4.15946 0.714795 -0.893626 -1.30041 1.26156
28.78 7.0778 4.14809 0.687654 -0.86944 1.2093 -1.35707
28.8 7.0644 4.13738 0.660512 -0.845254 1.2093 -1.35707
28.82 7.05111 4.12734 0.633371 -0.821068 1.2093 -1.35707
28.84 7.03794 4.11794 0.606229 -0.796882 1.2093 -1.35707
28.86 7.02492 4.10917 0.579088 -0.772696 1.2093 -1.35707
28.88 7.01208 4.10102 0.551947 -0.74851 1.2093 -1.35707
28.9 6.99944 4.09347 0.524805 -0.724324 1.2093 -1.35707
28.92 6.98701 4.0865 0.497664 -0.700138 1.2093 -1.35707
28.94 6.97483 4.08009 0.470522 -0.675952 1.2093 -1.35707
28.96 6.96292 4.07423 0.443381 -0.651766 1.2093 -1.35707
28.98 6.95129 4.0689 0.41624 -0.62758 1.2093 -1.35707
29 6.93997 4.06408 0.389098 -0.603394 1.2093 -1.35707
29.02 6.92897 4.05974 0.361957 -0.579208 1.2093 -1.35707
29.04 6.9183 4.05587 0.334815 -0.555022 1.2093 -1.35707
29.06 6.908 4.05244 0.307674 -0.530836 1.2093 -1.35707
29.08 6.89807 4.04943 0.280533 -0.50665 1.2093 -1.35707
29.1 6.88853 4.04682 0.253391 -0.482464 1.2093 -1.35707
29.12 6.8794 4.04458 0.22625 -0.458278 1.2093 -1.35707
29.14 6.87067 4.0427 0.199108 -0.434092 1.2093 -1.35707
29.16 6.86238 4.04114 0.171967 -0.409906 1.2093 -1.35707
29.18 6.85452 4.03988 0.144826 -0.38572 1.2093 -1.35707
29.2 6.84712 4.0389 0.117684 -0.361534 1.2093 -1.35707
29.22 6.84016 4.03818 0.0905428 -0.337348 1.2093 -1.35707
29.24 6.83368 4.03768 0.0634014 -0.313162 1.2093 -1.35707
29.26 6.82767 4.03737 0.03626 -0.288976 1.2093 -1.35707
29.28 6.82213 4.03725 0.00911857 -0.26479 1.2093 -1.35707
29.3 6.81708 4.03727 -0.0180228 -0.240604 1.2093 -1.35707
29.32 6.81251 4.03741 -0.0451642 -0.216418 1.2093 -1.35707
29.34 6.80843 4.03765 -0.0723056 -0.192232 1.2093 -1.35707
29.36 6.80484 4.03796 -0.099447 -0.168046 1.2093 -1.35707
29.38 6.80174 4.03831 -0.126588 -0.14386 1.2093 -1.35707
29.4 6.79906 4.03863 -0.1083 -0.126009 0.892539 0.914446
29.42 6.79673 4.03886 -0.0900106 -0.108158 0.892539 0.914446
29.44 6.79475 4.03902 -0.0717217 -0.0903073 0.892539 0.914446
29.46 6.79313 4.03912 -0.0534327 -0.0724565 0.892539 0.914446
29.48 6.79186 4.03918 -0.0351438 -0.0546057 0.892539 0.914446
29.5 6.79094 4.0392 -0.0168549 -0.0367549 0.892539 0.914446
29.52 6.79039 4.03921 0.00143403 -0.0189042 0.892539 0.914446
29.54 6.79019 4.03921 0.019723 -0.00105338 0.892539 0.914446
29.54 6.79019 4.03921 0.019723 -0.00105338 0 0
