0 -6 -4 0 0 0 0
0.02 -5.99974 -4 0.0234075 0.0261371 1.30686 1.17038
0.04 -5.99896 -3.99997 0.0468151 0.0522742 1.30686 1.17038
0.06 -5.99765 -3.99989 0.0702226 0.0784113 1.30686 1.17038
0.08 -5.99583 -3.99974 0.0936301 0.104548 1.30686 1.17038
0.1 -5.99349 -3.99949 0.117038 0.130686 1.30686 1.17038
0.12 -5.99064 -3.99912 0.140445 0.156823 1.30686 1.17038
0.14 -5.98728 -3.9986 0.163853 0.18296 1.30686 1.17038
0.16 -5.98342 -3.99792 0.18726 0.209097 1.30686 1.17038
0.18 -5.97906 -3.99704 0.210668 0.235234 1.30686 1.17038
0.2 -5.97422 -3.99594 0.234075 0.261371 1.30686 1.17038
0.22 -5.9689 -3.99461 0.257483 0.287508 1.30686 1.17038
0.24 -5.9631 -3.99301 0.28089 0.313645 1.30686 1.17038
0.26 -5.95685 -3.99112 0.304298 0.339782 1.30686 1.17038
0.28 -5.95014 -3.98893 0.327706 0.36592 1.30686 1.17038
0.3 -5.94299 -3.9864 0.351113 0.392057 1.30686 1.17038
0.32 -5.93542 -3.98353 0.374521 0.418194 1.30686 1.17038
0.34 -5.92743 -3.98028 0.397928 0.444331 1.30686 1.17038
0.36 -5.91904 -3.97663 0.421336 0.470468 1.30686 1.17038
0.38 -5.91026 -3.97257 0.444743 0.496605 1.30686 1.17038
0.4 -5.90111 -3.96808 0.468151 0.522742 1.30686 1.17038
0.42 -5.89161 -3.96313 0.491558 0.548879 1.30686 1.17038
0.44 -5.88176 -3.95771 0.514966 0.575016 1.30686 1.17038
0.46 -5.87159 -3.9518 0.538373 0.601154 1.30686 1.17038
0.48 -5.86112 -3.94538 0.561781 0.627291 1.30686 1.17038
0.5 -5.85036 -3.93843 0.585188 0.653428 1.30686 1.17038
0.52 -5.83934 -3.93093 0.608596 0.679565 1.30686 1.17038
0.54 -5.82821 -3.9234 0.580393 0.664555 -0.750512 -1.41014
0.56 -5.81712 -3.91635 0.55219 0.649544 -0.750512 -1.41014
0.58 -5.80609 -3.90977 0.523988 0.634534 -0.750512 -1.41014
0.6 -5.79515 -3.90365 0.495785 0.619524 -0.750512 -1.41014
0.62 -5.7843 -3.89798 0.467582 0.604514 -0.750512 -1.41014
0.64 -5.77357 -3.89275 0.439379 0.589504 -0.750512 -1.41014
0.66 -5.76296 -3.88795 0.411176 0.574493 -0.750512 -1.41014
0.68 -5.75251 -3.88356 0.382974 0.559483 -0.750512 -1.41014
0.7 -5.74221 -3.87958 0.354771 0.544473 -0.750512 -1.41014
0.72 -5.73209 -3.87599 0.326568 0.529463 -0.750512 -1.41014
0.74 -5.72216 -3.87278 0.298365 0.514452 -0.750512 -1.41014
0.76 -5.71243 -3.86994 0.270162 0.499442 -0.750512 -1.41014
0.78 -5.70291 -3.86744 0.24196 0.484432 -0.750512 -1.41014
0.8 -5.69362 -3.86529 0.213757 0.469422 -0.750512 -1.41014
0.82 -5.68456 -3.86346 0.185554 0.454411 -0.750512 -1.41014
0.84 -5.68468 -3.86336 0.211054 0.444498 -1.24617 -0.135141
0.86 -5.67623 -3.86156 0.208351 0.419575 -1.24617 -0.135141
0.88 -5.66826 -3.85989 0.205648 0.394651 -1.24617 -0.135141
0.9 -5.66078 -3.85834 0.202946 0.369728 -1.24617 -0.135141
0.92 -5.65378 -3.85691 0.200243 0.344805 -1.24617 -0.135141
0.94 -5.64726 -3.85559 0.19754 0.319881 -1.24617 -0.135141
0.96 -5.64123 -3.8544 0.194837 0.294958 -1.24617 -0.135141
0.98 -5.63569 -3.85331 0.192134 0.270034 -1.24617 -0.135141
1 -5.63063 -3.85233 0.189431 0.245111 -1.24617 -0.135141
1.02 -5.62606 -3.85146 0.186729 0.220188 -1.24617 -0.135141
1.04 -5.62197 -3.8507 0.184026 0.195264 -1.24617 -0.135141
1.06 -5.61838 -3.85003 0.181323 0.170341 -1.24617 -0.135141
1.08 -5.61527 -3.84947 0.17862 0.145417 -1.24617 -0.135141
1.1 -5.61266 -3.849 0.175917 0.120494 -1.24617 -0.135141
1.12 -5.61053 -3.84862 0.173215 0.0955706 -1.24617 -0.135141
1.14 -5.60889 -3.84834 0.170512 0.0706472 -1.24617 -0.135141
1.16 -5.60774 -3.84814 0.167809 0.0457238 -1.24617 -0.135141
1.18 -5.60709 -3.84803 0.165106 0.0208004 -1.24617 -0.135141
1.2 -5.60692 -3.848 0.162403 -0.00412297 -1.24617 -0.135141
1.22 -5.60725 -3.84806 0.159701 -0.0290464 -1.24617 -0.135141
1.24 -5.60807 -3.84819 0.156998 -0.0539698 -1.24617 -0.135141
1.26 -5.60938 -3.84839 0.154295 -0.0788932 -1.24617 -0.135141
1.28 -5.61119 -3.84867 0.151592 -0.103817 -1.24617 -0.135141
1.3 -5.61349 -3.84902 0.148889 -0.12874 -1.24617 -0.135141
1.32 -5.61628 -3.84944 0.146186 -0.153663 -1.24617 -0.135141
1.34 -5.61957 -3.84992 0.143484 -0.178587 -1.24617 -0.135141
1.36 -5.62335 -3.85046 0.140781 -0.20351 -1.24617 -0.135141
1.38 -5.62763 -3.85106 0.138078 -0.228434 -1.24617 -0.135141
1.4 -5.6324 -3.85171 0.135375 -0.253357 -1.24617 -0.135141
1.42 -5.63767 -3.85242 0.132672 -0.27828 -1.24617 -0.135141
1.44 -5.64343 -3.85318 0.12997 -0.303204 -1.24617 -0.135141
1.46 -5.64915 -3.85398 0.145294 -0.274167 1.45183 0.766245
1.48 -5.65429 -3.85477 0.160619 -0.245131 1.45183 0.766245
1.5 -5.65883 -3.85554 0.175944 -0.216094 1.45183 0.766245
1.52 -5.6628 -3.85627 0.191269 -0.187058 1.45183 0.766245
1.54 -5.66618 -3.85695 0.206594 -0.158021 1.45183 0.766245
1.56 -5.66898 -3.85756 0.221919 -0.128984 1.45183 0.766245
1.58 -5.67121 -3.85808 0.237244 -0.0999478 1.45183 0.766245
1.6 -5.67287 -3.8585 0.252569 -0.0709113 1.45183 0.766245
1.62 -5.67396 -3.85879 0.267894 -0.0418747 1.45183 0.766245
1.64 -5.67449 -3.85894 0.283219 -0.0128382 1.45183 0.766245
1.66 -5.67446 -3.85893 0.298543 0.0161984 1.45183 0.766245
1.68 -5.67387 -3.85874 0.313868 0.045235 1.45183 0.766245
1.7 -5.67274 -3.85836 0.329193 0.0742715 1.45183 0.766245
1.72 -5.67106 -3.85777 0.344518 0.103308 1.45183 0.766245
1.74 -5.66885 -3.85696 0.359843 0.132345 1.45183 0.766245
1.76 -5.66621 -3.85598 0.350354 0.149529 0.859235 -0.474444
1.78 -5.66323 -3.85491 0.340865 0.166714 0.859235 -0.474444
1.8 -5.65992 -3.85375 0.331376 0.183899 0.859235 -0.474444
1.82 -5.65628 -3.85252 0.321888 0.201083 0.859235 -0.474444
1.84 -5.65229 -3.85121 0.312399 0.218268 0.859235 -0.474444
1.86 -5.64797 -3.84984 0.30291 0.235453 0.859235 -0.474444
1.88 -5.6433 -3.8484 0.293421 0.252638 0.859235 -0.474444
1.9 -5.63829 -3.84692 0.283932 0.269822 0.859235 -0.474444
1.92 -5.63294 -3.84538 0.274443 0.287007 0.859235 -0.474444
1.94 -5.62724 -3.84381 0.264954 0.304192 0.859235 -0.474444
1.96 -5.6212 -3.8422 0.255465 0.321376 0.859235 -0.474444
1.98 -5.61488 -3.84052 0.263433 0.332601 0.561232 0.398362
2 -5.60835 -3.83873 0.2714 0.343826 0.561232 0.398362
2.02 -5.60163 -3.83683 0.279367 0.35505 0.561232 0.398362
2.04 -5.5947 -3.83482 0.287334 0.366275 0.561232 0.398362
2.06 -5.58758 -3.83268 0.295302 0.3775 0.561232 0.398362
2.08 -5.58018 -3.83036 0.312526 0.397719 1.01098 0.86121
2.1 -5.57244 -3.82778 0.32975 0.417939 1.01098 0.86121
2.12 -5.56437 -3.82494 0.346974 0.438158 1.01098 0.86121
2.14 -5.55596 -3.82182 0.364198 0.458378 1.01098 0.86121
2.16 -5.54724 -3.81841 0.381423 0.478598 1.01098 0.86121
2.18 -5.5382 -3.81469 0.398647 0.498817 1.01098 0.86121
2.2 -5.52885 -3.81066 0.415871 0.519037 1.01098 0.86121
2.22 -5.51921 -3.8063 0.433095 0.539256 1.01098 0.86121
2.24 -5.50927 -3.8016 0.450319 0.559476 1.01098 0.86121
2.26 -5.49906 -3.79655 0.467544 0.579696 1.01098 0.86121
2.28 -5.48858 -3.79115 0.484768 0.599915 1.01098 0.86121
2.3 -5.47783 -3.78537 0.501992 0.620135 1.01098 0.86121
2.32 -5.46684 -3.77921 0.519216 0.640354 1.01098 0.86121
2.34 -5.4556 -3.77265 0.53644 0.660574 1.01098 0.86121
2.36 -5.44413 -3.7657 0.553665 0.680794 1.01098 0.86121
2.38 -5.43244 -3.75833 0.570889 0.701013 1.01098 0.86121
2.4 -5.42054 -3.75054 0.588113 0.721233 1.01098 0.86121
2.42 -5.40844 -3.74232 0.605337 0.741452 1.01098 0.86121
2.44 -5.39615 -3.73366 0.622561 0.761672 1.01098 0.86121
2.46 -5.38369 -3.72456 0.639786 0.781892 1.01098 0.86121
2.48 -5.37107 -3.71499 0.65701 0.802111 1.01098 0.86121
2.5 -5.35829 -3.70496 0.674234 0.822331 1.01098 0.86121
2.52 -5.34538 -3.69445 0.691458 0.84255 1.01098 0.86121
2.54 -5.33233 -3.68346 0.708682 0.86277 1.01098 0.86121
2.56 -5.31918 -3.67199 0.725907 0.88299 1.01098 0.86121
2.58 -5.30592 -3.66002 0.743131 0.903209 1.01098 0.86121
2.6 -5.29258 -3.64754 0.760355 0.923429 1.01098 0.86121
2.62 -5.27916 -3.63456 0.777579 0.943648 1.01098 0.86121
2.64 -5.26569 -3.62106 0.794803 0.963868 1.01098 0.86121
2.66 -5.25216 -3.60704 0.812028 0.984088 1.01098 0.86121
2.68 -5.23861 -3.59249 0.829252 1.00431 1.01098 0.86121
2.7 -5.22503 -3.57741 0.846476 1.02453 1.01098 0.86121
2.72 -5.21146 -3.5618 0.8637 1.04475 1.01098 0.86121
2.74 -5.19789 -3.54564 0.880924 1.06497 1.01098 0.86121
2.76 -5.18435 -3.52894 0.898149 1.08519 1.01098 0.86121
2.78 -5.17085 -3.51169 0.915373 1.10541 1.01098 0.86121
2.8 -5.15741 -3.49388 0.932597 1.12562 1.01098 0.86121
2.82 -5.14403 -3.47552 0.949821 1.14584 1.01098 0.86121
2.84 -5.13074 -3.4566 0.967045 1.16606 1.01098 0.86121
2.86 -5.11756 -3.43713 0.98427 1.18628 1.01098 0.86121
2.88 -5.10449 -3.41708 1.00149 1.2065 1.01098 0.86121
2.9 -5.09155 -3.39648 1.01872 1.22672 1.01098 0.86121
2.92 -5.07876 -3.3753 1.03594 1.24694 1.01098 0.86121
2.94 -5.06613 -3.35356 1.05317 1.26716 1.01098 0.86121
2.96 -5.05368 -3.33126 1.07039 1.28738 1.01098 0.86121
2.98 -5.04143 -3.30838 1.08761 1.3076 1.01098 0.86121
3 -5.02939 -3.28494 1.10484 1.32782 1.01098 0.86121
3.02 -5.01757 -3.26093 1.12206 1.34804 1.01098 0.86121
3.04 -5.006 -3.23636 1.13929 1.36826 1.01098 0.86121
3.06 -4.99459 -3.21113 1.15276 1.40096 1.63485 0.673636
3.08 -4.98326 -3.18515 1.16623 1.43365 1.63485 0.673636
3.1 -4.97202 -3.15841 1.17971 1.46635 1.63485 0.673636
3.12 -4.9609 -3.13092 1.19318 1.49905 1.63485 0.673636
3.14 -4.94992 -3.10267 1.20665 1.53174 1.63485 0.673636
3.16 -4.93909 -3.07367 1.22012 1.56444 1.63485 0.673636
3.18 -4.92843 -3.0439 1.2336 1.59714 1.63485 0.673636
3.2 -4.91796 -3.01338 1.24707 1.62984 1.63485 0.673636
3.22 -4.9077 -2.9821 1.26054 1.66253 1.63485 0.673636
3.24 -4.89766 -2.95005 1.27401 1.69523 1.63485 0.673636
3.26 -4.88787 -2.91725 1.28749 1.72793 1.63485 0.673636
3.28 -4.87835 -2.88369 1.30096 1.76062 1.63485 0.673636
3.3 -4.8691 -2.84937 1.31443 1.79332 1.63485 0.673636
3.32 -4.86016 -2.8143 1.32791 1.82602 1.63485 0.673636
3.34 -4.85154 -2.77848 1.34138 1.85871 1.63485 0.673636
3.36 -4.84326 -2.7419 1.35485 1.89141 1.63485 0.673636
3.38 -4.83534 -2.70458 1.36832 1.92411 1.63485 0.673636
3.4 -4.82779 -2.66651 1.3818 1.95681 1.63485 0.673636
3.42 -4.82064 -2.6277 1.39527 1.9895 1.63485 0.673636
3.44 -4.8139 -2.58816 1.40874 2.0222 1.63485 0.673636
3.46 -4.8076 -2.54788 1.42221 2.0549 1.63485 0.673636
3.48 -4.80174 -2.50687 1.43569 2.08759 1.63485 0.673636
3.5 -4.79635 -2.46514 1.44916 2.12029 1.63485 0.673636
3.52 -4.79146 -2.42268 1.46263 2.15299 1.63485 0.673636
3.54 -4.78706 -2.37952 1.47611 2.18568 1.63485 0.673636
3.56 -4.78319 -2.33565 1.48958 2.21838 1.63485 0.673636
3.58 -4.77987 -2.29108 1.50305 2.25108 1.63485 0.673636
3.6 -4.77711 -2.24582 1.51652 2.28378 1.63485 0.673636
3.62 -4.77492 -2.19987 1.53 2.31647 1.63485 0.673636
3.64 -4.77333 -2.15324 1.54347 2.34917 1.63485 0.673636
3.66 -4.77236 -2.10594 1.55694 2.38187 1.63485 0.673636
3.68 -4.77202 -2.05797 1.57041 2.41456 1.63485 0.673636
3.7 -4.77233 -2.00936 1.58389 2.44726 1.63485 0.673636
3.72 -4.77331 -1.9601 1.59736 2.47996 1.63485 0.673636
3.74 -4.77497 -1.9102 1.61083 2.51265 1.63485 0.673636
3.76 -4.77733 -1.85967 1.62431 2.54535 1.63485 0.673636
3.78 -4.78042 -1.80853 1.63778 2.57805 1.63485 0.673636
3.8 -4.78424 -1.75679 1.65125 2.61075 1.63485 0.673636
3.82 -4.78882 -1.70444 1.66472 2.64344 1.63485 0.673636
3.84 -4.79416 -1.65152 1.6782 2.67614 1.63485 0.673636
3.86 -4.8003 -1.59802 1.69167 2.70884 1.63485 0.673636
3.88 -4.80723 -1.54396 1.70514 2.74153 1.63485 0.673636
3.9 -4.81499 -1.48935 1.71861 2.77423 1.63485 0.673636
3.92 -4.82358 -1.4342 1.73209 2.80693 1.63485 0.673636
3.94 -4.83303 -1.37853 1.74556 2.83962 1.63485 0.673636
3.96 -4.84334 -1.32235 1.75903 2.87232 1.63485 0.673636
3.98 -4.85453 -1.26568 1.77251 2.90502 1.63485 0.673636
4 -4.8658 -1.20867 1.75944 2.90644 0.0711946 -0.65304
4.02 -4.87633 -1.15148 1.74638 2.90787 0.0711946 -0.65304
4.04 -4.88612 -1.09414 1.73332 2.90929 0.0711946 -0.65304
4.06 -4.89516 -1.03665 1.72026 2.91071 0.0711946 -0.65304
4.08 -4.90346 -0.979015 1.7072 2.91214 0.0711946 -0.65304
4.1 -4.911 -0.921249 1.69414 2.91356 0.0711946 -0.65304
4.12 -4.91779 -0.863361 1.68108 2.91499 0.0711946 -0.65304
4.14 -4.92383 -0.805361 1.66802 2.91641 0.0711946 -0.65304
4.16 -4.92912 -0.747259 1.65496 2.91783 0.0711946 -0.65304
4.18 -4.93364 -0.689064 1.6419 2.91926 0.0711946 -0.65304
4.2 -4.93741 -0.630787 1.62884 2.92068 0.0711946 -0.65304
4.22 -4.94042 -0.572437 1.61578 2.92211 0.0711946 -0.65304
4.24 -4.94313 -0.514209 1.61875 2.90695 -0.75791 0.148577
4.26 -4.94599 -0.456293 1.62172 2.89179 -0.75791 0.148577
4.28 -4.94902 -0.398688 1.62469 2.87663 -0.75791 0.148577
4.3 -4.95219 -0.341395 1.62766 2.86147 -0.75791 0.148577
4.32 -4.95552 -0.284414 1.63063 2.84631 -0.75791 0.148577
4.34 -4.959 -0.227746 1.6336 2.83116 -0.75791 0.148577
4.36 -4.96263 -0.171391 1.63658 2.816 -0.75791 0.148577
4.38 -4.9664 -0.11535 1.63955 2.80084 -0.75791 0.148577
4.4 -4.97032 -0.0596225 1.64252 2.78568 -0.75791 0.148577
4.42 -4.97439 -0.00420933 1.64549 2.77052 -0.75791 0.148577
4.44 -4.97859 0.0508893 1.64846 2.75537 -0.75791 0.148577
4.46 -4.98294 0.105673 1.65143 2.74021 -0.75791 0.148577
4.48 -4.98742 0.160141 1.65441 2.72505 -0.75791 0.148577
4.5 -4.99204 0.214294 1.65738 2.70989 -0.75791 0.148577
4.52 -4.99679 0.268131 1.66035 2.69473 -0.75791 0.148577
4.54 -5.00168 0.321651 1.66332 2.67957 -0.75791 0.148577
4.56 -5.0067 0.374855 1.66629 2.66442 -0.75791 0.148577
4.58 -5.01184 0.427742 1.66926 2.64926 -0.75791 0.148577
4.6 -5.01733 0.480532 1.6795 2.65818 0.446337 0.511733
4.62 -5.02338 0.53344 1.68973 2.66711 0.446337 0.511733
4.64 -5.02999 0.586461 1.69997 2.67604 0.446337 0.511733
4.66 -5.03717 0.639588 1.7102 2.68496 0.446337 0.511733
4.68 -5.04491 0.692815 1.72044 2.69389 0.446337 0.511733
4.7 -5.05323 0.746137 1.73067 2.70282 0.446337 0.511733
4.72 -5.06191 0.799158 1.73545 2.66981 -1.6504 0.238845
4.74 -5.07073 0.851485 1.74022 2.6368 -1.6504 0.238845
4.76 -5.07969 0.90312 1.745 2.60379 -1.6504 0.238845
4.78 -5.08878 0.954061 1.74978 2.57079 -1.6504 0.238845
4.8 -5.098 1.00431 1.75456 2.53778 -1.6504 0.238845
4.82 -5.10733 1.05386 1.75933 2.50477 -1.6504 0.238845
4.84 -5.11677 1.10272 1.76411 2.47176 -1.6504 0.238845
4.86 -5.12632 1.15089 1.76889 2.43875 -1.6504 0.238845
4.88 -5.13597 1.19837 1.77366 2.40575 -1.6504 0.238845
4.9 -5.14571 1.24515 1.77844 2.37274 -1.6504 0.238845
4.92 -5.15553 1.29124 1.78322 2.33973 -1.6504 0.238845
4.94 -5.16544 1.33663 1.78799 2.30672 -1.6504 0.238845
4.96 -5.17542 1.38134 1.79277 2.27371 -1.6504 0.238845
4.98 -5.18546 1.42535 1.79755 2.24071 -1.6504 0.238845
5 -5.19556 1.46867 1.80232 2.2077 -1.6504 0.238845
5.02 -5.20572 1.5113 1.8071 2.17469 -1.6504 0.238845
5.04 -5.21593 1.55324 1.81188 2.14168 -1.6504 0.238845
5.06 -5.22617 1.59449 1.81666 2.10867 -1.6504 0.238845
5.08 -5.23645 1.63505 1.82143 2.07566 -1.6504 0.238845
5.1 -5.24676 1.67493 1.82621 2.04266 -1.6504 0.238845
5.12 -5.25709 1.71411 1.83099 2.00965 -1.6504 0.238845
5.14 -5.26744 1.75261 1.83576 1.97664 -1.6504 0.238845
5.16 -5.2778 1.79042 1.84054 1.94363 -1.6504 0.238845
5.18 -5.28816 1.82754 1.84532 1.91062 -1.6504 0.238845
5.2 -5.29851 1.86398 1.85009 1.87762 -1.6504 0.238845
5.22 -5.30886 1.89973 1.85487 1.84461 -1.6504 0.238845
5.24 -5.31919 1.93481 1.85965 1.8116 -1.6504 0.238845
5.26 -5.3295 1.9692 1.86442 1.77859 -1.6504 0.238845
5.28 -5.33978 2.00291 1.8692 1.74558 -1.6504 0.238845
5.3 -5.35002 2.03593 1.87398 1.71258 -1.6504 0.238845
5.32 -5.36023 2.06829 1.87876 1.67957 -1.6504 0.238845
5.34 -5.37039 2.09996 1.88353 1.64656 -1.6504 0.238845
5.36 -5.38049 2.13095 1.88831 1.61355 -1.6504 0.238845
5.38 -5.39053 2.16127 1.89309 1.58054 -1.6504 0.238845
5.4 -5.40051 2.19092 1.89786 1.54754 -1.6504 0.238845
5.42 -5.41042 2.21989 1.90264 1.51453 -1.6504 0.238845
5.44 -5.4198 2.24842 1.87423 1.48795 -1.32901 -1.42072
5.46 -5.42821 2.27668 1.84581 1.46137 -1.32901 -1.42072
5.48 -5.43568 2.30466 1.8174 1.43479 -1.32901 -1.42072
5.5 -5.44223 2.33233 1.78898 1.40821 -1.32901 -1.42072
5.52 -5.44788 2.35965 1.76057 1.38163 -1.32901 -1.42072
5.54 -5.45266 2.38659 1.73215 1.35505 -1.32901 -1.42072
5.56 -5.4566 2.41314 1.70374 1.32847 -1.32901 -1.42072
5.58 -5.45971 2.43925 1.67532 1.30189 -1.32901 -1.42072
5.6 -5.46204 2.46492 1.64691 1.27531 -1.32901 -1.42072
5.62 -5.4636 2.49011 1.6185 1.24873 -1.32901 -1.42072
5.64 -5.46443 2.5148 1.59008 1.22215 -1.32901 -1.42072
5.66 -5.46455 2.53898 1.56167 1.19557 -1.32901 -1.42072
5.68 -5.464 2.56262 1.53325 1.16898 -1.32901 -1.42072
5.7 -5.46281 2.5857 1.50484 1.1424 -1.32901 -1.42072
5.72 -5.461 2.60821 1.47642 1.11582 -1.32901 -1.42072
5.74 -5.45861 2.63013 1.44801 1.08924 -1.32901 -1.42072
5.76 -5.45568 2.65145 1.4196 1.06266 -1.32901 -1.42072
5.78 -5.45222 2.67215 1.39118 1.03608 -1.32901 -1.42072
5.8 -5.44828 2.69222 1.36277 1.0095 -1.32901 -1.42072
5.82 -5.44389 2.71165 1.33435 0.982923 -1.32901 -1.42072
5.84 -5.43908 2.73044 1.30594 0.956343 -1.32901 -1.42072
5.86 -5.43389 2.74857 1.27752 0.929763 -1.32901 -1.42072
5.88 -5.42834 2.76604 1.24911 0.903183 -1.32901 -1.42072
5.9 -5.42248 2.78284 1.22069 0.876602 -1.32901 -1.42072
5.92 -5.41633 2.79898 1.19228 0.850022 -1.32901 -1.42072
5.94 -5.40993 2.81444 1.16387 0.823442 -1.32901 -1.42072
5.96 -5.4033 2.82922 1.13545 0.796862 -1.32901 -1.42072
5.98 -5.39649 2.84334 1.10704 0.770282 -1.32901 -1.42072
6 -5.38953 2.85678 1.07862 0.743701 -1.32901 -1.42072
6.02 -5.38245 2.86956 1.05021 0.717121 -1.32901 -1.42072
6.04 -5.37528 2.88167 1.02179 0.690541 -1.32901 -1.42072
6.06 -5.36804 2.89312 0.99338 0.663961 -1.32901 -1.42072
6.08 -5.36079 2.90392 0.964965 0.63738 -1.32901 -1.42072
6.1 -5.35354 2.91408 0.936551 0.6108 -1.32901 -1.42072
6.12 -5.34613 2.92386 0.908197 0.615591 0.239552 -1.41772
6.14 -5.33839 2.93349 0.879842 0.620382 0.239552 -1.41772
6.16 -5.33032 2.94298 0.851488 0.625173 0.239552 -1.41772
6.18 -5.32191 2.9523 0.823133 0.629964 0.239552 -1.41772
6.2 -5.31318 2.96145 0.794779 0.634755 0.239552 -1.41772
6.22 -5.30413 2.97042 0.766424 0.639546 0.239552 -1.41772
6.24 -5.29476 2.97919 0.73807 0.644338 0.239552 -1.41772
6.26 -5.28507 2.98776 0.709715 0.649129 0.239552 -1.41772
6.28 -5.27506 2.99611 0.681361 0.65392 0.239552 -1.41772
6.3 -5.26475 3.00423 0.653007 0.658711 0.239552 -1.41772
6.32 -5.25414 3.01211 0.624652 0.663502 0.239552 -1.41772
6.34 -5.24322 3.01974 0.596298 0.668293 0.239552 -1.41772
6.36 -5.23202 3.02712 0.567943 0.673084 0.239552 -1.41772
6.38 -5.22053 3.03422 0.539589 0.677875 0.239552 -1.41772
6.4 -5.20876 3.04105 0.511234 0.682666 0.239552 -1.41772
6.42 -5.19672 3.04758 0.48288 0.687457 0.239552 -1.41772
6.44 -5.18441 3.05381 0.454525 0.692248 0.239552 -1.41772
6.46 -5.17184 3.05973 0.426171 0.697039 0.239552 -1.41772
6.48 -5.15902 3.06533 0.397817 0.70183 0.239552 -1.41772
6.5 -5.14596 3.07061 0.369462 0.706621 0.239552 -1.41772
6.52 -5.13267 3.07554 0.341108 0.711412 0.239552 -1.41772
6.54 -5.11915 3.08012 0.312753 0.716203 0.239552 -1.41772
6.56 -5.10541 3.08435 0.284399 0.720994 0.239552 -1.41772
6.58 -5.09147 3.08821 0.256044 0.725785 0.239552 -1.41772
6.6 -5.07733 3.0917 0.22769 0.730576 0.239552 -1.41772
6.62 -5.06301 3.09481 0.199335 0.735367 0.239552 -1.41772
6.64 -5.0485 3.09752 0.170981 0.740158 0.239552 -1.41772
6.66 -5.03383 3.09984 0.142626 0.744949 0.239552 -1.41772
6.68 -5.01901 3.10175 0.114272 0.74974 0.239552 -1.41772
6.7 -5.00404 3.10326 0.0859176 0.754531 0.239552 -1.41772
6.72 -4.98895 3.10434 0.0575632 0.759322 0.239552 -1.41772
6.74 -4.97373 3.105 0.0292087 0.764114 0.239552 -1.41772
6.76 -4.9584 3.10523 0.000854269 0.768905 0.239552 -1.41772
6.78 -4.94297 3.10503 -0.0275002 0.773696 0.239552 -1.41772
6.8 -4.92747 3.10438 -0.0558546 0.778487 0.239552 -1.41772
6.82 -4.91189 3.10329 -0.0842091 0.783278 0.239552 -1.41772
6.84 -4.89612 3.10177 -0.107162 0.800298 0.851033 -1.14765
6.86 -4.88006 3.09986 -0.130115 0.817319 0.851033 -1.14765
6.88 -4.86371 3.09753 -0.153068 0.83434 0.851033 -1.14765
6.9 -4.84708 3.09477 -0.176021 0.85136 0.851033 -1.14765
6.92 -4.83019 3.09156 -0.198974 0.868381 0.851033 -1.14765
6.94 -4.81304 3.0879 -0.221927 0.885402 0.851033 -1.14765
6.96 -4.79564 3.08376 -0.24488 0.902422 0.851033 -1.14765
6.98 -4.77802 3.07914 -0.267833 0.919443 0.851033 -1.14765
7 -4.76018 3.07402 -0.290786 0.936464 0.851033 -1.14765
7.02 -4.74214 3.0684 -0.313739 0.953484 0.851033 -1.14765
7.04 -4.72391 3.06225 -0.336692 0.970505 0.851033 -1.14765
7.06 -4.7055 3.05557 -0.359646 0.987526 0.851033 -1.14765
7.08 -4.68694 3.04834 -0.382599 1.00455 0.851033 -1.14765
7.1 -4.66823 3.04056 -0.405552 1.02157 0.851033 -1.14765
7.12 -4.6494 3.03222 -0.428505 1.03859 0.851033 -1.14765
7.14 -4.63045 3.0233 -0.451458 1.05561 0.851033 -1.14765
7.16 -4.61141 3.01379 -0.474411 1.07263 0.851033 -1.14765
7.18 -4.59229 3.00369 -0.497364 1.08965 0.851033 -1.14765
7.2 -4.57311 2.99299 -0.520317 1.10667 0.851033 -1.14765
7.22 -4.55389 2.98168 -0.54327 1.12369 0.851033 -1.14765
7.24 -4.53464 2.96976 -0.566223 1.14071 0.851033 -1.14765
7.26 -4.51539 2.95721 -0.589176 1.15773 0.851033 -1.14765
7.28 -4.4962 2.94451 -0.57993 1.14306 -0.733436 0.462315
7.3 -4.47714 2.93215 -0.570683 1.12839 -0.733436 0.462315
7.32 -4.45822 2.92012 -0.561437 1.11373 -0.733436 0.462315
7.34 -4.43943 2.90843 -0.552191 1.09906 -0.733436 0.462315
7.36 -4.42079 2.89706 -0.542944 1.08439 -0.733436 0.462315
7.38 -4.40229 2.88602 -0.533698 1.06972 -0.733436 0.462315
7.4 -4.38395 2.87529 -0.524452 1.05505 -0.733436 0.462315
7.42 -4.36577 2.86489 -0.515206 1.04038 -0.733436 0.462315
7.44 -4.34774 2.85479 -0.505959 1.02571 -0.733436 0.462315
7.46 -4.32988 2.845 -0.496713 1.01104 -0.733436 0.462315
7.48 -4.31219 2.83552 -0.487467 0.996376 -0.733436 0.462315
7.5 -4.29467 2.82633 -0.47822 0.981707 -0.733436 0.462315
7.52 -4.27733 2.81744 -0.468974 0.967039 -0.733436 0.462315
7.54 -4.26016 2.80885 -0.459728 0.95237 -0.733436 0.462315
7.56 -4.24319 2.80054 -0.450481 0.937701 -0.733436 0.462315
7.58 -4.2264 2.79251 -0.441235 0.923033 -0.733436 0.462315
7.6 -4.2098 2.78477 -0.431989 0.908364 -0.733436 0.462315
7.62 -4.1934 2.7773 -0.422743 0.893695 -0.733436 0.462315
7.64 -4.1772 2.7701 -0.413496 0.879026 -0.733436 0.462315
7.66 -4.16121 2.76317 -0.40425 0.864358 -0.733436 0.462315
7.68 -4.14542 2.7565 -0.395004 0.849689 -0.733436 0.462315
7.7 -4.12984 2.75009 -0.385757 0.83502 -0.733436 0.462315
7.72 -4.11447 2.74393 -0.376511 0.820352 -0.733436 0.462315
7.74 -4.09932 2.73802 -0.367265 0.805683 -0.733436 0.462315
7.76 -4.0844 2.73236 -0.358019 0.791014 -0.733436 0.462315
7.78 -4.06969 2.72693 -0.348772 0.776345 -0.733436 0.462315
7.8 -4.05521 2.72175 -0.339526 0.761677 -0.733436 0.462315
7.82 -4.04096 2.71679 -0.33028 0.747008 -0.733436 0.462315
7.84 -4.02695 2.71205 -0.321033 0.732339 -0.733436 0.462315
7.86 -4.01317 2.70754 -0.311787 0.717671 -0.733436 0.462315
7.88 -3.99963 2.70325 -0.302541 0.703002 -0.733436 0.462315
7.9 -3.98633 2.69916 -0.293295 0.688333 -0.733436 0.462315
7.92 -3.97327 2.69528 -0.284048 0.673664 -0.733436 0.462315
7.94 -3.96046 2.69161 -0.274802 0.658996 -0.733436 0.462315
7.96 -3.9479 2.68813 -0.265556 0.644327 -0.733436 0.462315
7.98 -3.93559 2.68484 -0.256309 0.629658 -0.733436 0.462315
8 -3.92354 2.68174 -0.247063 0.61499 -0.733436 0.462315
8.02 -3.91174 2.67882 -0.237817 0.600321 -0.733436 0.462315
8.04 -3.9002 2.67608 -0.22857 0.585652 -0.733436 0.462315
8.06 -3.88892 2.67352 -0.219324 0.570983 -0.733436 0.462315
8.08 -3.87791 2.67111 -0.210078 0.556315 -0.733436 0.462315
8.1 -3.86716 2.66887 -0.200832 0.541646 -0.733436 0.462315
8.12 -3.85668 2.66679 -0.191585 0.526977 -0.733436 0.462315
8.14 -3.84647 2.66486 -0.182339 0.512309 -0.733436 0.462315
8.16 -3.83653 2.66307 -0.173093 0.49764 -0.733436 0.462315
8.18 -3.82686 2.66143 -0.163846 0.482971 -0.733436 0.462315
8.2 -3.81747 2.65992 -0.1546 0.468302 -0.733436 0.462315
8.22 -3.80835 2.65854 -0.145354 0.453634 -0.733436 0.462315
8.24 -3.79951 2.65729 -0.136108 0.438965 -0.733436 0.462315
8.26 -3.79068 2.65604 -0.144048 0.453337 0.718612 -0.397011
8.28 -3.78157 2.65468 -0.151988 0.467709 0.718612 -0.397011
8.3 -3.77219 2.65321 -0.159928 0.482082 0.718612 -0.397011
8.32 -3.76253 2.65161 -0.167868 0.496454 0.718612 -0.397011
8.34 -3.75261 2.64989 -0.175809 0.510826 0.718612 -0.397011
8.36 -3.74241 2.64804 -0.183749 0.525198 0.718612 -0.397011
8.38 -3.73217 2.64609 -0.192097 0.518105 -0.354681 -0.417425
8.4 -3.72207 2.64408 -0.200446 0.511011 -0.354681 -0.417425
8.42 -3.71213 2.64202 -0.208794 0.503918 -0.354681 -0.417425
8.44 -3.70235 2.6399 -0.217143 0.496824 -0.354681 -0.417425
8.46 -3.69273 2.63774 -0.225491 0.48973 -0.354681 -0.417425
8.48 -3.68288 2.63552 -0.218161 0.520245 1.52573 0.366511
8.5 -3.67241 2.63324 -0.210831 0.55076 1.52573 0.366511
8.52 -3.66133 2.63091 -0.203501 0.581274 1.52573 0.366511
8.54 -3.64964 2.62854 -0.196171 0.611789 1.52573 0.366511
8.56 -3.63733 2.62614 -0.18884 0.642304 1.52573 0.366511
8.58 -3.6244 2.62372 -0.18151 0.672818 1.52573 0.366511
8.6 -3.61086 2.62129 -0.17418 0.703333 1.52573 0.366511
8.62 -3.5967 2.61885 -0.16685 0.733848 1.52573 0.366511
8.64 -3.58191 2.61642 -0.159519 0.764362 1.52573 0.366511
8.66 -3.56651 2.614 -0.152189 0.794877 1.52573 0.366511
8.68 -3.55048 2.6116 -0.144859 0.825391 1.52573 0.366511
8.7 -3.53384 2.60923 -0.137529 0.855906 1.52573 0.366511
8.72 -3.51657 2.60691 -0.130199 0.886421 1.52573 0.366511
8.74 -3.49868 2.60463 -0.122868 0.916935 1.52573 0.366511
8.76 -3.48017 2.60242 -0.115538 0.94745 1.52573 0.366511
8.78 -3.46104 2.60027 -0.108208 0.977965 1.52573 0.366511
8.8 -3.44128 2.59819 -0.100878 1.00848 1.52573 0.366511
8.82 -3.4209 2.59621 -0.0935475 1.03899 1.52573 0.366511
8.84 -3.3999 2.59431 -0.0862172 1.06951 1.52573 0.366511
8.86 -3.37828 2.59253 -0.078887 1.10002 1.52573 0.366511
8.88 -3.35604 2.59085 -0.0715568 1.13054 1.52573 0.366511
8.9 -3.33318 2.5893 -0.0642266 1.16105 1.52573 0.366511
8.92 -3.30969 2.58787 -0.0568964 1.19157 1.52573 0.366511
8.94 -3.28559 2.58659 -0.0495661 1.22208 1.52573 0.366511
8.96 -3.26087 2.58545 -0.0422359 1.2526 1.52573 0.366511
8.98 -3.23553 2.58448 -0.0349057 1.28311 1.52573 0.366511
9 -3.20958 2.58366 -0.0275755 1.31363 1.52573 0.366511
9.02 -3.18301 2.58303 -0.0202453 1.34414 1.52573 0.366511
9.04 -3.15582 2.58258 -0.012915 1.37466 1.52573 0.366511
9.06 -3.12803 2.58232 -0.00558482 1.40517 1.52573 0.366511
9.08 -3.09962 2.58227 0.0017454 1.43568 1.52573 0.366511
9.1 -3.0706 2.58243 0.00907562 1.4662 1.52573 0.366511
9.12 -3.04097 2.5828 0.0164058 1.49671 1.52573 0.366511
9.14 -3.01074 2.58341 0.0237361 1.52723 1.52573 0.366511
9.16 -2.9799 2.58426 0.0310663 1.55774 1.52573 0.366511
9.18 -2.94846 2.58535 0.0383965 1.58826 1.52573 0.366511
9.2 -2.91652 2.58686 0.0563036 1.60905 1.03949 0.895357
9.22 -2.8842 2.58898 0.0742108 1.62984 1.03949 0.895357
9.24 -2.85151 2.5917 0.0921179 1.65063 1.03949 0.895357
9.26 -2.81846 2.59505 0.110025 1.67142 1.03949 0.895357
9.28 -2.78507 2.59905 0.127932 1.69221 1.03949 0.895357
9.3 -2.75133 2.60369 0.145839 1.713 1.03949 0.895357
9.32 -2.71728 2.60901 0.163747 1.73379 1.03949 0.895357
9.34 -2.68291 2.615 0.181654 1.75458 1.03949 0.895357
9.36 -2.64825 2.62169 0.199561 1.77537 1.03949 0.895357
9.38 -2.61331 2.62909 0.217468 1.79616 1.03949 0.895357
9.4 -2.5781 2.6372 0.235375 1.81695 1.03949 0.895357
9.42 -2.54264 2.64604 0.253282 1.83773 1.03949 0.895357
9.44 -2.50695 2.65562 0.271189 1.85852 1.03949 0.895357
9.46 -2.47102 2.66596 0.289097 1.87931 1.03949 0.895357
9.48 -2.4349 2.67706 0.307004 1.9001 1.03949 0.895357
9.5 -2.39858 2.68893 0.324911 1.92089 1.03949 0.895357
9.52 -2.36209 2.70159 0.342818 1.94168 1.03949 0.895357
9.54 -2.32544 2.71504 0.360725 1.96247 1.03949 0.895357
9.56 -2.28865 2.7293 0.378632 1.98326 1.03949 0.895357
9.58 -2.25177 2.74443 0.400246 2.0033 1.00194 1.08068
9.6 -2.21486 2.76052 0.421859 2.02334 1.00194 1.08068
9.62 -2.17794 2.77757 0.443473 2.04338 1.00194 1.08068
9.64 -2.14103 2.7956 0.465086 2.06342 1.00194 1.08068
9.66 -2.10417 2.81459 0.4867 2.08346 1.00194 1.08068
9.68 -2.06732 2.83419 0.490588 2.09006 0.330209 0.194427
9.7 -2.03043 2.85398 0.494477 2.09667 0.330209 0.194427
9.72 -1.9935 2.87399 0.498365 2.10327 0.330209 0.194427
9.74 -1.95654 2.8942 0.502254 2.10987 0.330209 0.194427
9.76 -1.91953 2.91462 0.506142 2.11648 0.330209 0.194427
9.78 -1.88249 2.93524 0.510031 2.12308 0.330209 0.194427
9.8 -1.84542 2.95608 0.51392 2.12969 0.330209 0.194427
9.82 -1.80831 2.97712 0.517808 2.13629 0.330209 0.194427
9.84 -1.77117 2.99837 0.521697 2.14289 0.330209 0.194427
9.86 -1.734 3.01984 0.525585 2.1495 0.330209 0.194427
9.88 -1.69679 3.04151 0.529474 2.1561 0.330209 0.194427
9.9 -1.65956 3.0634 0.533362 2.16271 0.330209 0.194427
9.92 -1.6223 3.08549 0.537251 2.16931 0.330209 0.194427
9.94 -1.58501 3.1078 0.541139 2.17592 0.330209 0.194427
9.96 -1.5477 3.13033 0.545028 2.18252 0.330209 0.194427
9.98 -1.51036 3.15307 0.548916 2.18912 0.330209 0.194427
10 -1.473 3.17602 0.552805 2.19573 0.330209 0.194427
10.02 -1.43561 3.19918 0.556693 2.20233 0.330209 0.194427
10.04 -1.39821 3.22256 0.560582 2.20894 0.330209 0.194427
10.06 -1.36078 3.24616 0.56447 2.21554 0.330209 0.194427
10.08 -1.32333 3.26997 0.568359 2.22215 0.330209 0.194427
10.1 -1.28587 3.294 0.572248 2.22875 0.330209 0.194427
10.12 -1.24839 3.31825 0.576136 2.23535 0.330209 0.194427
10.14 -1.21089 3.34272 0.580025 2.24196 0.330209 0.194427
10.16 -1.17338 3.3674 0.583913 2.24856 0.330209 0.194427
10.18 -1.13543 3.39182 0.559803 2.26371 0.757173 -1.20549
10.2 -1.09665 3.41547 0.535694 2.27885 0.757173 -1.20549
10.22 -1.05705 3.43834 0.511584 2.29399 0.757173 -1.20549
10.24 -1.01665 3.46039 0.487474 2.30914 0.757173 -1.20549
10.26 -0.975453 3.48159 0.463364 2.32428 0.757173 -1.20549
10.28 -0.933486 3.50193 0.439254 2.33942 0.757173 -1.20549
10.3 -0.890766 3.52138 0.415144 2.35457 0.757173 -1.20549
10.32 -0.84731 3.53991 0.391035 2.36971 0.757173 -1.20549
10.34 -0.803139 3.5575 0.366925 2.38485 0.757173 -1.20549
10.36 -0.758273 3.57412 0.342815 2.4 0.757173 -1.20549
10.38 -0.712733 3.58976 0.318705 2.41514 0.757173 -1.20549
10.4 -0.66654 3.60439 0.294595 2.43028 0.757173 -1.20549
10.42 -0.619717 3.61798 0.270486 2.44543 0.757173 -1.20549
10.44 -0.572287 3.63052 0.246376 2.46057 0.757173 -1.20549
10.46 -0.524274 3.64198 0.222266 2.47571 0.757173 -1.20549
10.48 -0.475703 3.65234 0.198156 2.49086 0.757173 -1.20549
10.5 -0.426598 3.66158 0.174046 2.506 0.757173 -1.20549
10.52 -0.376986 3.66969 0.149937 2.52114 0.757173 -1.20549
10.54 -0.326893 3.67664 0.125827 2.53629 0.757173 -1.20549
10.56 -0.276345 3.68242 0.101717 2.55143 0.757173 -1.20549
10.58 -0.225372 3.687 0.0776072 2.56657 0.757173 -1.20549
10.6 -0.174001 3.69037 0.0534974 2.58172 0.757173 -1.20549
10.62 -0.122261 3.69251 0.0293876 2.59686 0.757173 -1.20549
10.64 -0.0701813 3.69342 0.00527778 2.612 0.757173 -1.20549
10.66 -0.0177923 3.69306 -0.018832 2.62715 0.757173 -1.20549
10.68 0.0348757 3.69143 -0.0429418 2.64229 0.757173 -1.20549
10.7 0.0877915 3.68852 -0.0670516 2.65744 0.757173 -1.20549
10.72 0.140924 3.68431 -0.0911614 2.67258 0.757173 -1.20549
10.74 0.19424 3.67878 -0.115271 2.68772 0.757173 -1.20549
10.76 0.247708 3.67194 -0.139381 2.70287 0.757173 -1.20549
10.78 0.301295 3.66376 -0.163491 2.71801 0.757173 -1.20549
10.8 0.354968 3.65424 -0.187601 2.73315 0.757173 -1.20549
10.82 0.408692 3.64337 -0.21171 2.7483 0.757173 -1.20549
10.84 0.462434 3.63114 -0.23582 2.76344 0.757173 -1.20549
10.86 0.516158 3.61754 -0.25993 2.77858 0.757173 -1.20549
10.88 0.569832 3.60257 -0.28404 2.79373 0.757173 -1.20549
10.9 0.623418 3.58622 -0.30815 2.80887 0.757173 -1.20549
10.92 0.676882 3.56849 -0.33226 2.82401 0.757173 -1.20549
10.94 0.730189 3.54938 -0.356369 2.83916 0.757173 -1.20549
10.96 0.783301 3.52887 -0.380479 2.8543 0.757173 -1.20549
10.98 0.836264 3.50809 -0.367196 2.835 -0.964867 0.66418
11 0.889137 3.48816 -0.353912 2.81571 -0.964867 0.66418
11.02 0.941908 3.46906 -0.340628 2.79641 -0.964867 0.66418
11.04 0.994563 3.45079 -0.327345 2.77711 -0.964867 0.66418
11.06 1.04709 3.43334 -0.314061 2.75781 -0.964867 0.66418
11.08 1.09948 3.41671 -0.300778 2.73852 -0.964867 0.66418
11.1 1.15171 3.40088 -0.287494 2.71922 -0.964867 0.66418
11.12 1.20378 3.38586 -0.27421 2.69992 -0.964867 0.66418
11.14 1.25567 3.37164 -0.260927 2.68062 -0.964867 0.66418
11.16 1.30737 3.3582 -0.247643 2.66133 -0.964867 0.66418
11.18 1.35887 3.34554 -0.234359 2.64203 -0.964867 0.66418
11.2 1.41016 3.33365 -0.221076 2.62273 -0.964867 0.66418
11.22 1.46122 3.32253 -0.207792 2.60343 -0.964867 0.66418
11.24 1.51205 3.31217 -0.194509 2.58414 -0.964867 0.66418
11.26 1.56263 3.30255 -0.181225 2.56484 -0.964867 0.66418
11.28 1.61296 3.29367 -0.167941 2.54554 -0.964867 0.66418
11.3 1.66302 3.28553 -0.154658 2.52625 -0.964867 0.66418
11.32 1.7128 3.27811 -0.141374 2.50695 -0.964867 0.66418
11.34 1.76229 3.2714 -0.128091 2.48765 -0.964867 0.66418
11.36 1.81149 3.26539 -0.114807 2.46835 -0.964867 0.66418
11.38 1.86037 3.26008 -0.101523 2.44906 -0.964867 0.66418
11.4 1.90894 3.25546 -0.0882399 2.42976 -0.964867 0.66418
11.42 1.95718 3.25152 -0.0749563 2.41046 -0.964867 0.66418
11.44 2.00509 3.24824 -0.0616726 2.39116 -0.964867 0.66418
11.46 2.05264 3.24562 -0.048389 2.37187 -0.964867 0.66418
11.48 2.09985 3.24364 -0.0351054 2.35257 -0.964867 0.66418
11.5 2.14669 3.24231 -0.0218218 2.33327 -0.964867 0.66418
11.52 2.19315 3.2416 -0.00853823 2.31397 -0.964867 0.66418
11.54 2.23924 3.24152 0.00474537 2.29468 -0.964867 0.66418
11.56 2.28494 3.24204 0.018029 2.27538 -0.964867 0.66418
11.58 2.33024 3.24315 0.0313126 2.25608 -0.964867 0.66418
11.6 2.37513 3.24486 0.0445962 2.23679 -0.964867 0.66418
11.62 2.41962 3.24714 0.0578798 2.21749 -0.964867 0.66418
11.64 2.46368 3.24999 0.0711634 2.19819 -0.964867 0.66418
11.66 2.50732 3.25339 0.084447 2.17889 -0.964867 0.66418
11.68 2.55052 3.25733 0.0977306 2.1596 -0.964867 0.66418
11.7 2.59329 3.26181 0.111014 2.1403 -0.964867 0.66418
11.72 2.63604 3.26672 0.11766 2.16241 1.10561 0.33228
11.74 2.67919 3.27197 0.124305 2.18452 1.10561 0.33228
11.76 2.72274 3.27756 0.130951 2.20663 1.10561 0.33228
11.78 2.7667 3.2835 0.137597 2.22875 1.10561 0.33228
11.8 2.81105 3.28979 0.144242 2.25086 1.10561 0.33228
11.82 2.85579 3.29644 0.150888 2.27297 1.10561 0.33228
11.84 2.90093 3.30346 0.157533 2.29508 1.10561 0.33228
11.86 2.94646 3.31084 0.164179 2.3172 1.10561 0.33228
11.88 2.99237 3.31861 0.170825 2.33931 1.10561 0.33228
11.9 3.03867 3.32675 0.17747 2.36142 1.10561 0.33228
11.92 3.08534 3.33528 0.184116 2.38353 1.10561 0.33228
11.94 3.1324 3.34421 0.190761 2.40564 1.10561 0.33228
11.96 3.17982 3.35353 0.197407 2.42776 1.10561 0.33228
11.98 3.22762 3.36326 0.204053 2.44987 1.10561 0.33228
12 3.27578 3.37339 0.210698 2.47198 1.10561 0.33228
12.02 3.32431 3.38394 0.217344 2.49409 1.10561 0.33228
12.04 3.3732 3.39491 0.223989 2.5162 1.10561 0.33228
12.06 3.42244 3.4063 0.230635 2.53832 1.10561 0.33228
12.08 3.47204 3.41812 0.237281 2.56043 1.10561 0.33228
12.1 3.52199 3.43037 0.243926 2.58254 1.10561 0.33228
12.12 3.57229 3.44307 0.250572 2.60465 1.10561 0.33228
12.14 3.62292 3.45621 0.257217 2.62677 1.10561 0.33228
12.16 3.6739 3.4698 0.263863 2.64888 1.10561 0.33228
12.18 3.72521 3.48384 0.270509 2.67099 1.10561 0.33228
12.2 3.77646 3.49835 0.281171 2.65585 -0.757002 0.533128
12.22 3.82727 3.51332 0.291834 2.64071 -0.757002 0.533128
12.24 3.87762 3.52874 0.302496 2.62557 -0.757002 0.533128
12.26 3.92752 3.5446 0.313159 2.61043 -0.757002 0.533128
12.28 3.97696 3.5609 0.323821 2.59529 -0.757002 0.533128
12.3 4.02594 3.57763 0.334484 2.58015 -0.757002 0.533128
12.32 4.07445 3.59478 0.345146 2.56501 -0.757002 0.533128
12.34 4.12249 3.61234 0.355809 2.54987 -0.757002 0.533128
12.36 4.17005 3.63031 0.366472 2.53473 -0.757002 0.533128
12.38 4.21714 3.64867 0.377134 2.51959 -0.757002 0.533128
12.4 4.26375 3.66742 0.387797 2.50445 -0.757002 0.533128
12.42 4.30988 3.68655 0.398459 2.48931 -0.757002 0.533128
12.44 4.35566 3.70617 0.411506 2.49133 0.101181 0.65233
12.46 4.40121 3.72641 0.424552 2.49336 0.101181 0.65233
12.48 4.44654 3.74725 0.437599 2.49538 0.101181 0.65233
12.5 4.49162 3.76871 0.450646 2.4974 0.101181 0.65233
12.52 4.53646 3.79076 0.463692 2.49943 0.101181 0.65233
12.54 4.58104 3.81342 0.476739 2.50145 0.101181 0.65233
12.56 4.62529 3.83612 0.471023 2.47162 -1.49173 -0.285786
12.58 4.66913 3.85829 0.465307 2.44178 -1.49173 -0.285786
12.6 4.71257 3.87994 0.459592 2.41195 -1.49173 -0.285786
12.62 4.7556 3.90108 0.453876 2.38211 -1.49173 -0.285786
12.64 4.79821 3.92172 0.44816 2.35228 -1.49173 -0.285786
12.66 4.8404 3.94186 0.442445 2.32244 -1.49173 -0.285786
12.68 4.88216 3.9615 0.436729 2.29261 -1.49173 -0.285786
12.7 4.92349 3.98065 0.431013 2.26277 -1.49173 -0.285786
12.72 4.96439 3.99931 0.425297 2.23294 -1.49173 -0.285786
12.74 5.00485 4.0175 0.419582 2.2031 -1.49173 -0.285786
12.76 5.04487 4.03522 0.413866 2.17327 -1.49173 -0.285786
12.78 5.08444 4.05246 0.40815 2.14344 -1.49173 -0.285786
12.8 5.12356 4.06925 0.402434 2.1136 -1.49173 -0.285786
12.82 5.16223 4.08558 0.396719 2.08377 -1.49173 -0.285786
12.84 5.20044 4.10146 0.391003 2.05393 -1.49173 -0.285786
12.86 5.23819 4.11689 0.385287 2.0241 -1.49173 -0.285786
12.88 5.27547 4.13189 0.379572 1.99426 -1.49173 -0.285786
12.9 5.31228 4.14645 0.373856 1.96443 -1.49173 -0.285786
12.92 5.34861 4.16059 0.36814 1.93459 -1.49173 -0.285786
12.94 5.38447 4.1743 0.362424 1.90476 -1.49173 -0.285786
12.96 5.41985 4.1876 0.356709 1.87492 -1.49173 -0.285786
12.98 5.45475 4.20049 0.350993 1.84509 -1.49173 -0.285786
13 5.48916 4.21298 0.345277 1.81526 -1.49173 -0.285786
13.02 5.52307 4.22507 0.339562 1.78542 -1.49173 -0.285786
13.04 5.5565 4.23677 0.333846 1.75559 -1.49173 -0.285786
13.06 5.58942 4.24808 0.32813 1.72575 -1.49173 -0.285786
13.08 5.62184 4.25902 0.322414 1.69592 -1.49173 -0.285786
13.1 5.65376 4.26958 0.316699 1.66608 -1.49173 -0.285786
13.12 5.68517 4.27977 0.310983 1.63625 -1.49173 -0.285786
13.14 5.71607 4.28961 0.305267 1.60641 -1.49173 -0.285786
13.16 5.74645 4.29909 0.299552 1.57658 -1.49173 -0.285786
13.18 5.77643 4.3079 0.272497 1.54805 -1.42637 -1.35275
13.2 5.80608 4.31576 0.245442 1.51952 -1.42637 -1.35275
13.22 5.83538 4.32268 0.218387 1.491 -1.42637 -1.35275
13.24 5.8643 4.32869 0.191332 1.46247 -1.42637 -1.35275
13.26 5.8928 4.33381 0.164277 1.43394 -1.42637 -1.35275
13.28 5.92087 4.33808 0.137222 1.40541 -1.42637 -1.35275
13.3 5.94848 4.34151 0.110167 1.37689 -1.42637 -1.35275
13.32 5.97561 4.34414 0.083112 1.34836 -1.42637 -1.35275
13.34 6.00222 4.346 0.056057 1.31983 -1.42637 -1.35275
13.36 6.02831 4.34711 0.0290021 1.29131 -1.42637 -1.35275
13.38 6.05385 4.34751 0.00194714 1.26278 -1.42637 -1.35275
13.4 6.07881 4.34722 -0.0251078 1.23425 -1.42637 -1.35275
13.42 6.10319 4.34628 -0.0521628 1.20572 -1.42637 -1.35275
13.44 6.12697 4.34472 -0.0792177 1.1772 -1.42637 -1.35275
13.46 6.15013 4.34256 -0.106273 1.14867 -1.42637 -1.35275
13.48 6.17265 4.33985 -0.133328 1.12014 -1.42637 -1.35275
13.5 6.19453 4.33662 -0.160383 1.09161 -1.42637 -1.35275
13.52 6.21576 4.33289 -0.187437 1.06309 -1.42637 -1.35275
13.54 6.23631 4.32871 -0.214492 1.03456 -1.42637 -1.35275
13.56 6.25619 4.32409 -0.241547 1.00603 -1.42637 -1.35275
13.58 6.27538 4.31909 -0.268602 0.977504 -1.42637 -1.35275
13.6 6.29388 4.31373 -0.295657 0.948977 -1.42637 -1.35275
13.62 6.31169 4.30804 -0.322712 0.920449 -1.42637 -1.35275
13.64 6.3288 4.30206 -0.349767 0.891922 -1.42637 -1.35275
13.66 6.34521 4.29583 -0.376822 0.863395 -1.42637 -1.35275
13.68 6.36091 4.28937 -0.403877 0.834867 -1.42637 -1.35275
13.7 6.37592 4.28271 -0.430932 0.80634 -1.42637 -1.35275
13.72 6.39022 4.2759 -0.457987 0.777813 -1.42637 -1.35275
13.74 6.40382 4.26897 -0.485042 0.749285 -1.42637 -1.35275
13.76 6.41673 4.26194 -0.512097 0.720758 -1.42637 -1.35275
13.78 6.42896 4.25485 -0.539152 0.69223 -1.42637 -1.35275
13.8 6.4405 4.24774 -0.566207 0.663703 -1.42637 -1.35275
13.82 6.45136 4.24062 -0.593262 0.635176 -1.42637 -1.35275
13.84 6.46157 4.23354 -0.620317 0.606648 -1.42637 -1.35275
13.86 6.47111 4.22653 -0.647372 0.578121 -1.42637 -1.35275
13.88 6.48002 4.21961 -0.674427 0.549594 -1.42637 -1.35275
13.9 6.48829 4.21281 -0.701481 0.521066 -1.42637 -1.35275
13.92 6.49594 4.20616 -0.728536 0.492539 -1.42637 -1.35275
13.94 6.50299 4.1997 -0.755591 0.464011 -1.42637 -1.35275
13.96 6.50946 4.19345 -0.782646 0.435484 -1.42637 -1.35275
13.98 6.51535 4.18743 -0.809701 0.406957 -1.42637 -1.35275
14 6.52069 4.18167 -0.836756 0.378429 -1.42637 -1.35275
14.02 6.5255 4.1762 -0.863811 0.349902 -1.42637 -1.35275
14.04 6.52979 4.17103 -0.890866 0.321375 -1.42637 -1.35275
14.06 6.53359 4.16621 -0.917921 0.292847 -1.42637 -1.35275
14.08 6.53691 4.16174 -0.944976 0.26432 -1.42637 -1.35275
14.1 6.53979 4.15765 -0.972031 0.235793 -1.42637 -1.35275
14.12 6.54228 4.1539 -0.997574 0.214073 -1.08597 -1.27713
14.14 6.54444 4.15046 -1.02312 0.192354 -1.08597 -1.27713
14.16 6.54629 4.14733 -1.04866 0.170634 -1.08597 -1.27713
14.18 6.54785 4.14454 -1.0742 0.148915 -1.08597 -1.27713
14.2 6.54913 4.1421 -1.09974 0.127195 -1.08597 -1.27713
14.22 6.55016 4.14001 -1.12529 0.105476 -1.08597 -1.27713
14.24 6.55096 4.1383 -1.15083 0.0837567 -1.08597 -1.27713
14.26 6.55153 4.13696 -1.17637 0.0620373 -1.08597 -1.27713
14.28 6.55192 4.13601 -1.20191 0.0403179 -1.08597 -1.27713
14.3 6.55212 4.13546 -1.22746 0.0185985 -1.08597 -1.27713
14.32 6.55226 4.13508 -1.23727 0.0213195 0.136053 -0.490495
14.34 6.5524 4.13465 -1.24708 0.0240406 0.136053 -0.490495
14.36 6.55256 4.13417 -1.25689 0.0267616 0.136053 -0.490495
14.38 6.55273 4.13363 -1.2667 0.0294827 0.136053 -0.490495
14.4 6.55291 4.13304 -1.27651 0.0322037 0.136053 -0.490495
14.42 6.55311 4.1324 -1.28632 0.0349248 0.136053 -0.490495
14.44 6.55331 4.1317 -1.29613 0.0376458 0.136053 -0.490495
14.46 6.55351 4.13095 -1.30594 0.0403669 0.136053 -0.490495
14.48 6.55373 4.13014 -1.31575 0.043088 0.136053 -0.490495
14.5 6.55395 4.12928 -1.32556 0.045809 0.136053 -0.490495
14.52 6.55413 4.12851 -1.34003 0.0333836 -0.62127 -0.72361
14.54 6.55426 4.12798 -1.3545 0.0209582 -0.62127 -0.72361
14.56 6.55432 4.12769 -1.36897 0.00853282 -0.62127 -0.72361
14.58 6.55433 4.12765 -1.38345 -0.00389258 -0.62127 -0.72361
14.6 6.55429 4.12785 -1.39792 -0.016318 -0.62127 -0.72361
14.62 6.55422 4.12829 -1.41239 -0.0287434 -0.62127 -0.72361
14.64 6.55411 4.12898 -1.42686 -0.0411688 -0.62127 -0.72361
14.66 6.55398 4.12992 -1.44133 -0.0535942 -0.62127 -0.72361
14.68 6.55384 4.13111 -1.45581 -0.0660196 -0.62127 -0.72361
14.7 6.55368 4.13255 -1.47028 -0.078445 -0.62127 -0.72361
14.72 6.55352 4.13423 -1.48475 -0.0908704 -0.62127 -0.72361
14.74 6.55337 4.13617 -1.49922 -0.103296 -0.62127 -0.72361
14.76 6.55323 4.13835 -1.5137 -0.115721 -0.62127 -0.72361
14.78 6.55311 4.14079 -1.52817 -0.128147 -0.62127 -0.72361
14.8 6.55302 4.14347 -1.54264 -0.140572 -0.62127 -0.72361
14.82 6.55295 4.14641 -1.55711 -0.152997 -0.62127 -0.72361
14.84 6.55293 4.14959 -1.57158 -0.165423 -0.62127 -0.72361
14.86 6.55296 4.15303 -1.58606 -0.177848 -0.62127 -0.72361
14.88 6.55305 4.15671 -1.60053 -0.190274 -0.62127 -0.72361
14.9 6.55319 4.16063 -1.615 -0.202699 -0.62127 -0.72361
14.92 6.55341 4.16481 -1.62947 -0.215124 -0.62127 -0.72361
14.94 6.5537 4.16922 -1.64394 -0.22755 -0.62127 -0.72361
14.96 6.55407 4.17388 -1.65842 -0.239975 -0.62127 -0.72361
14.98 6.55454 4.17878 -1.67289 -0.252401 -0.62127 -0.72361
15 6.5551 4.18393 -1.68736 -0.264826 -0.62127 -0.72361
15.02 6.55577 4.18931 -1.70183 -0.277251 -0.62127 -0.72361
15.04 6.55656 4.19492 -1.71631 -0.289677 -0.62127 -0.72361
15.06 6.55746 4.20077 -1.73078 -0.302102 -0.62127 -0.72361
15.08 6.55848 4.20685 -1.74525 -0.314528 -0.62127 -0.72361
15.1 6.55964 4.21316 -1.75972 -0.326953 -0.62127 -0.72361
15.12 6.56094 4.21969 -1.77419 -0.339378 -0.62127 -0.72361
15.14 6.56239 4.22645 -1.78867 -0.351804 -0.62127 -0.72361
15.16 6.56399 4.23343 -1.80314 -0.364229 -0.62127 -0.72361
15.18 6.56574 4.24063 -1.81761 -0.376654 -0.62127 -0.72361
15.2 6.56767 4.24804 -1.83208 -0.38908 -0.62127 -0.72361
15.22 6.56977 4.25566 -1.84656 -0.401505 -0.62127 -0.72361
15.24 6.57204 4.26349 -1.86103 -0.413931 -0.62127 -0.72361
15.26 6.57451 4.27153 -1.8755 -0.426356 -0.62127 -0.72361
15.28 6.57716 4.27976 -1.88997 -0.438781 -0.62127 -0.72361
15.3 6.58002 4.28819 -1.90444 -0.451207 -0.62127 -0.72361
15.32 6.58285 4.29678 -1.87562 -0.452997 -0.0895225 1.441
15.34 6.58545 4.30547 -1.8468 -0.454788 -0.0895225 1.441
15.36 6.58781 4.31428 -1.81798 -0.456578 -0.0895225 1.441
15.38 6.58992 4.32318 -1.78916 -0.458369 -0.0895225 1.441
15.4 6.59178 4.33217 -1.76034 -0.460159 -0.0895225 1.441
15.42 6.59347 4.34109 -1.75623 -0.447628 0.626576 0.205844
15.44 6.59508 4.34977 -1.75211 -0.435096 0.626576 0.205844
15.46 6.59661 4.35821 -1.74799 -0.422565 0.626576 0.205844
15.48 6.59806 4.36641 -1.74388 -0.410033 0.626576 0.205844
15.5 6.59944 4.37437 -1.73976 -0.397501 0.626576 0.205844
15.52 6.60074 4.38208 -1.73564 -0.38497 0.626576 0.205844
15.54 6.60196 4.38956 -1.73153 -0.372438 0.626576 0.205844
15.56 6.60312 4.39679 -1.72741 -0.359907 0.626576 0.205844
15.58 6.60421 4.40378 -1.72329 -0.347375 0.626576 0.205844
15.6 6.60523 4.41052 -1.71918 -0.334844 0.626576 0.205844
15.62 6.60619 4.41702 -1.71506 -0.322312 0.626576 0.205844
15.64 6.60709 4.42328 -1.71094 -0.309781 0.626576 0.205844
15.66 6.60789 4.42914 -1.70308 -0.281387 1.4197 0.393056
15.68 6.60858 4.43444 -1.69522 -0.252993 1.4197 0.393056
15.7 6.60915 4.43918 -1.68736 -0.224599 1.4197 0.393056
15.72 6.60962 4.44336 -1.6795 -0.196205 1.4197 0.393056
15.74 6.61 4.44698 -1.67164 -0.16781 1.4197 0.393056
15.76 6.6103 4.45004 -1.66377 -0.139416 1.4197 0.393056
15.78 6.61052 4.45253 -1.65591 -0.111022 1.4197 0.393056
15.8 6.61068 4.45446 -1.64805 -0.0826283 1.4197 0.393056
15.82 6.61078 4.45583 -1.64019 -0.0542343 1.4197 0.393056
15.84 6.61084 4.45663 -1.63233 -0.0258402 1.4197 0.393056
15.86 6.61085 4.45686 -1.62447 0.00255383 1.4197 0.393056
15.88 6.61083 4.45652 -1.61661 0.0309479 1.4197 0.393056
15.9 6.6108 4.45562 -1.60875 0.0593419 1.4197 0.393056
15.92 6.61075 4.45415 -1.60089 0.087736 1.4197 0.393056
15.94 6.61069 4.45211 -1.59302 0.11613 1.4197 0.393056
15.96 6.61065 4.44951 -1.58516 0.144524 1.4197 0.393056
15.98 6.61061 4.44633 -1.5773 0.172918 1.4197 0.393056
16 6.6106 4.44259 -1.56944 0.201312 1.4197 0.393056
16.02 6.61063 4.43828 -1.56158 0.229706 1.4197 0.393056
16.04 6.61069 4.4334 -1.55372 0.2581 1.4197 0.393056
16.06 6.61081 4.42796 -1.54586 0.286494 1.4197 0.393056
16.08 6.61098 4.42195 -1.538 0.314888 1.4197 0.393056
16.1 6.61122 4.41537 -1.53014 0.343282 1.4197 0.393056
16.12 6.61154 4.40823 -1.52227 0.371677 1.4197 0.393056
16.14 6.61195 4.40052 -1.51441 0.400071 1.4197 0.393056
16.16 6.61245 4.39225 -1.50655 0.428465 1.4197 0.393056
16.18 6.61305 4.38342 -1.49869 0.456859 1.4197 0.393056
16.2 6.61377 4.37402 -1.49083 0.485253 1.4197 0.393056
16.22 6.6146 4.36407 -1.48297 0.513647 1.4197 0.393056
16.24 6.6156 4.35392 -1.46199 0.506434 -0.360654 1.04905
16.26 6.6168 4.34393 -1.44101 0.499221 -0.360654 1.04905
16.28 6.61819 4.33412 -1.42003 0.492008 -0.360654 1.04905
16.3 6.61975 4.32448 -1.39905 0.484794 -0.360654 1.04905
16.32 6.6215 4.31501 -1.37806 0.477581 -0.360654 1.04905
16.34 6.62341 4.30573 -1.35708 0.470368 -0.360654 1.04905
16.36 6.62549 4.29663 -1.3361 0.463155 -0.360654 1.04905
16.38 6.62772 4.28771 -1.31512 0.455942 -0.360654 1.04905
16.4 6.6301 4.27898 -1.29414 0.448729 -0.360654 1.04905
16.42 6.63262 4.27045 -1.27316 0.441516 -0.360654 1.04905
16.44 6.63527 4.2621 -1.25218 0.434303 -0.360654 1.04905
16.46 6.63806 4.25395 -1.2312 0.42709 -0.360654 1.04905
16.48 6.64096 4.24599 -1.21022 0.419877 -0.360654 1.04905
16.5 6.64398 4.23823 -1.18924 0.412664 -0.360654 1.04905
16.52 6.64711 4.23067 -1.16825 0.405451 -0.360654 1.04905
16.54 6.65033 4.22331 -1.14727 0.398237 -0.360654 1.04905
16.56 6.65365 4.21615 -1.12629 0.391024 -0.360654 1.04905
16.58 6.65705 4.20919 -1.10531 0.383811 -0.360654 1.04905
16.6 6.66054 4.20243 -1.08433 0.376598 -0.360654 1.04905
16.62 6.66409 4.19588 -1.06335 0.369385 -0.360654 1.04905
16.64 6.66772 4.18952 -1.04237 0.362172 -0.360654 1.04905
16.66 6.6714 4.18336 -1.02139 0.354959 -0.360654 1.04905
16.68 6.67513 4.17741 -1.00041 0.347746 -0.360654 1.04905
16.7 6.67891 4.17166 -0.979425 0.340533 -0.360654 1.04905
16.72 6.68272 4.1661 -0.958444 0.33332 -0.360654 1.04905
16.74 6.68657 4.16075 -0.937463 0.326107 -0.360654 1.04905
16.76 6.69044 4.15559 -0.916482 0.318894 -0.360654 1.04905
16.78 6.69433 4.15062 -0.895501 0.31168 -0.360654 1.04905
16.8 6.69823 4.14586 -0.87452 0.304467 -0.360654 1.04905
16.82 6.70214 4.14128 -0.853539 0.297254 -0.360654 1.04905
16.84 6.70604 4.13689 -0.832558 0.290041 -0.360654 1.04905
16.86 6.70994 4.1327 -0.811577 0.282828 -0.360654 1.04905
16.88 6.71383 4.12869 -0.790596 0.275615 -0.360654 1.04905
16.9 6.7177 4.12486 -0.769615 0.268402 -0.360654 1.04905
16.92 6.72154 4.12122 -0.748634 0.261189 -0.360654 1.04905
16.94 6.72535 4.11775 -0.727653 0.253976 -0.360654 1.04905
16.96 6.72912 4.11446 -0.706672 0.246763 -0.360654 1.04905
16.98 6.73285 4.11134 -0.685691 0.23955 -0.360654 1.04905
17 6.73654 4.10839 -0.66471 0.232336 -0.360654 1.04905
17.02 6.74017 4.1056 -0.643729 0.225123 -0.360654 1.04905
17.04 6.74374 4.10298 -0.622748 0.21791 -0.360654 1.04905
17.06 6.74724 4.10052 -0.601767 0.210697 -0.360654 1.04905
17.08 6.75068 4.09821 -0.580786 0.203484 -0.360654 1.04905
17.1 6.75405 4.09605 -0.559805 0.196271 -0.360654 1.04905
17.12 6.75733 4.09404 -0.538824 0.189058 -0.360654 1.04905
17.14 6.76059 4.09214 -0.520194 0.187811 -0.0623564 0.93153
17.16 6.76385 4.09031 -0.501563 0.186564 -0.0623564 0.93153
17.18 6.76713 4.08855 -0.482933 0.185317 -0.0623564 0.93153
17.2 6.77042 4.08686 -0.464302 0.184069 -0.0623564 0.93153
17.22 6.77371 4.08525 -0.445672 0.182822 -0.0623564 0.93153
17.24 6.77701 4.08371 -0.427041 0.181575 -0.0623564 0.93153
17.26 6.78032 4.08224 -0.40841 0.180328 -0.0623564 0.93153
17.28 6.78363 4.08085 -0.38978 0.179081 -0.0623564 0.93153
17.3 6.78695 4.07952 -0.371149 0.177834 -0.0623564 0.93153
17.32 6.79026 4.07827 -0.352519 0.176587 -0.0623564 0.93153
17.34 6.79358 4.07708 -0.333888 0.17534 -0.0623564 0.93153
17.36 6.79689 4.07597 -0.315257 0.174092 -0.0623564 0.93153
17.38 6.8002 4.07492 -0.296627 0.172845 -0.0623564 0.93153
17.4 6.8035 4.07395 -0.277996 0.171598 -0.0623564 0.93153
17.42 6.8068 4.07304 -0.259366 0.170351 -0.0623564 0.93153
17.44 6.81008 4.0722 -0.240735 0.169104 -0.0623564 0.93153
17.46 6.81336 4.07143 -0.222104 0.167857 -0.0623564 0.93153
17.48 6.81663 4.07072 -0.203474 0.16661 -0.0623564 0.93153
17.5 6.81989 4.07008 -0.184843 0.165363 -0.0623564 0.93153
17.52 6.82313 4.0695 -0.166213 0.164115 -0.0623564 0.93153
17.54 6.82636 4.06899 -0.147582 0.162868 -0.0623564 0.93153
17.56 6.82958 4.06855 -0.128951 0.161621 -0.0623564 0.93153
17.58 6.83278 4.06816 -0.110321 0.160374 -0.0623564 0.93153
17.6 6.83595 4.06784 -0.0916903 0.159127 -0.0623564 0.93153
17.62 6.83911 4.06758 -0.0730597 0.15788 -0.0623564 0.93153
17.64 6.84225 4.06738 -0.0544291 0.156633 -0.0623564 0.93153
17.66 6.84537 4.06724 -0.0357985 0.155386 -0.0623564 0.93153
17.68 6.84846 4.06716 -0.017168 0.154138 -0.0623564 0.93153
17.7 6.85153 4.06713 0.00146263 0.152891 -0.0623564 0.93153
17.7 6.84846 4.06716 -0.017168 0.154138 0 0
