0 -1.5708 0 0
0.01 -1.57082 -0.00374217 -0.374279
0.02 -1.57087 -0.00748068 -0.374279
0.03 -1.57096 -0.0112118 -0.374279
0.04 -1.5711 -0.014932 -0.374279
0.05 -1.57126 -0.0186375 -0.374279
0.06 -1.57147 -0.0223248 -0.374279
0.07 -1.57171 -0.0259901 -0.374279
0.08 -1.57199 -0.02963 -0.374279
0.09 -1.5723 -0.0332407 -0.374279
0.1 -1.57265 -0.0368189 -0.374279
0.11 -1.57304 -0.040361 -0.374279
0.12 -1.57346 -0.0438634 -0.374279
0.13 -1.57392 -0.0473229 -0.374279
0.14 -1.57441 -0.0507359 -0.374279
0.15 -1.57493 -0.0540992 -0.374279
0.16 -1.57549 -0.0574093 -0.374279
0.17 -1.57643 -0.132029 -7.51204
0.18 -1.57813 -0.206519 -7.51204
0.19 -1.58056 -0.280807 -7.51204
0.2 -1.58374 -0.354819 -7.51204
0.21 -1.58766 -0.428484 -7.51204
0.22 -1.59231 -0.501728 -7.51204
0.23 -1.59769 -0.57448 -7.51204
0.24 -1.6038 -0.646668 -7.51204
0.25 -1.61062 -0.718223 -7.51204
0.26 -1.61816 -0.789074 -7.51204
0.27 -1.6264 -0.859151 -7.51204
0.28 -1.63534 -0.928388 -7.51204
0.29 -1.64497 -0.996715 -7.51204
0.3 -1.65527 -1.06407 -7.51204
0.31 -1.66601 -1.08409 -2.8821
0.32 -1.67695 -1.10305 -2.8821
0.33 -1.68807 -1.12094 -2.8821
0.34 -1.69937 -1.13773 -2.8821
0.35 -1.71082 -1.15342 -2.8821
0.36 -1.72243 -1.16798 -2.8821
0.37 -1.73418 -1.18142 -2.8821
0.38 -1.74605 -1.19371 -2.8821
0.39 -1.75805 -1.20485 -2.8821
0.4 -1.77015 -1.21482 -2.8821
0.41 -1.78234 -1.22363 -2.8821
0.42 -1.79462 -1.23127 -2.8821
0.43 -1.80696 -1.23773 -2.8821
0.44 -1.81937 -1.243 -2.8821
0.45 -1.83182 -1.2471 -2.8821
0.46 -1.84431 -1.25001 -2.8821
0.47 -1.85682 -1.25175 -2.8821
0.48 -1.86934 -1.2523 -2.8821
0.49 -1.88186 -1.25168 -2.8821
0.5 -1.88125 -1.13056 9.23204
0.51 -1.89194 -1.00776 9.23204
0.52 -1.90232 -1.06794 -9.16199
0.53 -1.9133 -1.12712 -9.16199
0.54 -1.92486 -1.18527 -9.16199
0.55 -1.937 -1.24232 -9.16199
0.56 -1.94971 -1.29824 -9.16199
0.57 -1.96296 -1.35297 -9.16199
0.58 -1.97676 -1.40648 -9.16199
0.59 -1.99109 -1.45872 -9.16199
0.6 -2.00593 -1.50965 -9.16199
0.61 -2.02128 -1.55924 -9.16199
0.62 -2.03711 -1.60746 -9.16199
0.63 -2.05342 -1.65426 -9.16199
0.64 -2.07019 -1.69963 -9.16199
0.65 -2.08741 -1.74353 -9.16199
0.66 -2.10506 -1.78595 -9.16199
0.67 -2.12315 -1.83148 -9.62367
0.68 -2.14168 -1.87547 -9.62367
0.69 -2.16065 -1.91792 -9.62367
0.7 -2.18003 -1.95881 -9.62367
0.71 -2.19982 -1.99812 -9.62367
0.72 -2.21999 -2.03584 -9.62367
0.73 -2.24053 -2.07198 -9.62367
0.74 -2.26143 -2.10652 -9.62367
0.75 -2.28265 -2.13746 -9.4232
0.76 -2.30417 -2.16682 -9.4232
0.77 -2.32598 -2.1946 -9.4232
0.78 -2.34806 -2.22081 -9.4232
0.79 -2.37039 -2.24547 -9.4232
0.8 -2.39296 -2.26859 -9.4232
0.81 -2.41576 -2.2902 -9.4232
0.82 -2.43876 -2.31032 -9.4232
0.83 -2.46196 -2.32897 -9.4232
0.84 -2.48533 -2.34619 -9.4232
0.85 -2.50846 -2.27813 -1.0352
0.86 -2.53089 -2.20875 -1.0352
0.87 -2.55263 -2.13812 -1.0352
0.88 -2.57365 -2.06633 -1.0352
0.89 -2.59439 -2.08162 -9.85296
0.9 -2.61528 -2.09585 -9.85296
0.91 -2.63631 -2.10904 -9.85296
0.92 -2.65746 -2.12124 -9.85296
0.93 -2.67873 -2.13246 -9.85296
0.94 -2.7001 -2.14275 -9.85296
0.95 -2.72158 -2.15214 -9.85296
0.96 -2.74314 -2.16068 -9.85296
0.97 -2.74314 -2.16068 -9.85296
0.98 -2.76479 -2.16839 -9.85296
0.99 -2.78651 -2.17531 -9.85296
1 -2.80829 -2.1815 -9.85296
1.01 -2.83014 -2.18698 -9.85296
1.02 -2.85203 -2.19181 -9.85296
1.03 -2.87397 -2.19603 -9.85296
1.04 -2.89595 -2.19967 -9.85296
1.05 -2.91796 -2.20279 -9.85296
1.06 -2.9394 -2.08533 2.15757
1.07 -2.95967 -1.96746 2.15757
1.08 -2.97875 -1.84924 2.15757
1.09 -2.99665 -1.73072 2.15757
1.1 -3.01336 -1.61196 2.15757
1.11 -3.02889 -1.49299 2.15757
1.12 -3.04322 -1.37386 2.15757
1.13 -3.05637 -1.2546 2.15757
1.14 -3.06832 -1.13523 2.15757
1.15 -3.06832 -1.13523 2.15757
1.16 -3.07896 -0.99317 4.41863
1.17 -3.08818 -0.851049 4.41863
1.18 -3.09598 -0.708882 4.41863
1.19 -3.10236 -0.566684 4.41863
1.2 -3.10731 -0.424464 4.41863
1.21 -3.11085 -0.282229 4.41863
1.22 -3.11296 -0.139986 4.41863
1.23 -3.11365 0.00226172 4.41863
1.24 -3.11365 0.00226172 4.41863
1.25 -3.11291 0.144509 4.41863
1.26 -3.11076 0.286752 4.41863
1.27 -3.10718 0.428987 4.41863
1.28 -3.10218 0.571206 4.41863
1.29 -3.09575 0.713404 4.41863
1.3 -3.08791 0.855569 4.41863
1.31 -3.07864 0.997689 4.41863
1.32 -3.06795 1.13975 4.41863
1.33 -3.05571 1.30877 7.12386
1.34 -3.04178 1.47769 7.12386
1.35 -3.02616 1.64646 7.12386
1.36 -3.00885 1.81505 7.12386
1.37 -2.98986 1.9834 7.12386
1.38 -2.96959 2.07053 -0.967915
1.39 -2.94845 2.15732 -0.967915
1.4 -2.92644 2.24371 -0.967915
1.41 -2.90358 2.32962 -0.967915
1.42 -2.87985 2.41499 -0.967915
1.43 -2.85528 2.49975 -0.967915
1.44 -2.82986 2.58382 -0.967915
1.45 -2.8036 2.66711 -0.967915
1.46 -2.77652 2.74953 -0.967915
1.47 -2.74862 2.83099 -0.967915
1.48 -2.7199 2.91138 -0.967915
1.49 -2.69039 2.99061 -0.967915
1.5 -2.6601 3.06855 -0.967915
1.51 -2.62903 3.1451 -0.967915
1.52 -2.5972 3.22014 -0.967915
1.53 -2.56463 3.29354 -0.967915
1.54 -2.53133 3.36518 -0.967915
1.55 -2.49721 3.46027 1.56685
1.56 -2.46214 3.55332 1.56685
1.57 -2.42615 3.64418 1.56685
1.58 -2.38926 3.7327 1.56685
1.59 -2.3515 3.81871 1.56685
1.6 -2.31289 3.90206 1.56685
1.61 -2.27347 3.98259 1.56685
1.62 -2.23325 4.06014 1.56685
1.63 -2.19228 4.13455 1.56685
1.64 -2.15057 4.20566 1.56685
1.65 -2.10817 4.27332 1.56685
1.66 -2.06512 4.33738 1.56685
1.67 -2.02144 4.3977 1.56685
1.68 -1.97718 4.45413 1.56685
1.69 -1.93237 4.50655 1.56685
1.7 -1.88706 4.55483 1.56685
1.71 -1.84129 4.59887 1.56685
1.72 -1.79551 4.55641 -6.64948
1.73 -1.75017 4.5096 -6.64948
1.74 -1.70533 4.45843 -6.64948
1.75 -1.66102 4.40293 -6.64948
1.76 -1.61729 4.34313 -6.64948
1.77 -1.57417 4.27908 -6.64948
1.78 -1.53172 4.21083 -6.64948
1.79 -1.48997 4.13845 -6.64948
1.8 -1.44896 4.06203 -6.64948
1.81 -1.40874 3.98165 -6.64948
1.82 -1.36934 3.89742 -6.64948
1.83 -1.33046 3.87876 0.283782
1.84 -1.29178 3.85641 0.283782
1.85 -1.25334 3.83042 0.283782
1.86 -1.21518 3.80086 0.283782
1.87 -1.17734 3.76781 0.283782
1.88 -1.13984 3.73135 0.283782
1.89 -1.10272 3.69156 0.283782
1.9 -1.06602 3.64854 0.283782
1.91 -1.02976 3.60238 0.283782
1.92 -0.99398 3.5532 0.283782
1.93 -0.958707 3.50109 0.283782
1.94 -0.923968 3.44618 0.283782
1.95 -0.889792 3.38857 0.283782
1.96 -0.855863 3.39686 7.13339
1.97 -0.821863 3.40263 7.13339
1.98 -0.787818 3.40597 7.13339
1.99 -0.753752 3.40693 7.13339
2 -0.719687 3.40561 7.13339
2.01 -0.685647 3.40208 7.13339
2.02 -0.651653 3.39644 7.13339
2.03 -0.617725 3.38879 7.13339
2.04 -0.583883 3.3792 7.13339
2.05 -0.550147 3.36779 7.13339
2.06 -0.516533 3.35465 7.13339
2.07 -0.483059 3.33989 7.13339
2.08 -0.44974 3.32361 7.13339
2.09 -0.416592 3.3059 7.13339
2.1 -0.383627 3.28689 7.13339
2.11 -0.350858 3.26667 7.13339
2.12 -0.318327 3.23941 6.53965
2.13 -0.286073 3.21115 6.53965
2.14 -0.254107 3.18201 6.53965
2.15 -0.222436 3.15208 6.53965
2.16 -0.191067 3.12147 6.53965
2.17 -0.160008 3.09028 6.53965
2.18 -0.129263 3.0586 6.53965
2.19 -0.0988373 3.02654 6.53965
2.2 -0.0687335 2.99418 6.53965
2.21 -0.0389543 2.96163 6.53965
2.22 -0.00950138 2.92895 6.53965
2.23 0.0189527 2.76187 -6.89912
2.24 0.0457361 2.59483 -6.89912
2.25 0.0708497 2.42791 -6.89912
2.26 0.0942949 2.26116 -6.89912
2.27 0.116074 2.09461 -6.89912
2.28 0.136188 1.9283 -6.89912
2.29 0.15464 1.76225 -6.89912
2.3 0.171434 1.59646 -6.89912
2.31 0.186571 1.43094 -6.89912
2.32 0.20002 1.25894 -7.57286
2.33 0.21175 1.08719 -7.57286
2.34 0.221764 0.915661 -7.57286
2.35 0.230064 0.744328 -7.57286
2.36 0.236651 0.573162 -7.57286
2.37 0.241528 0.402127 -7.57286
2.38 0.244694 0.231187 -7.57286
2.39 0.246152 0.0603013 -7.57286
2.4 0.2459 -0.11057 -7.57286
2.41 0.24394 -0.281467 -7.57286
2.42 0.240271 -0.452432 -7.57286
2.43 0.234891 -0.623501 -7.57286
2.44 0.2278 -0.794713 -7.57286
2.45 0.219648 -0.835802 5.45648
2.46 0.211084 -0.87707 5.45648
2.47 0.202106 -0.918518 5.45648
2.48 0.192713 -0.960147 5.45648
2.49 0.182902 -1.00196 5.45648
2.5 0.172673 -1.04394 5.45648
2.51 0.161514 -1.18781 -4.71345
2.52 0.148916 -1.33186 -4.71345
2.53 0.134876 -1.47611 -4.71345
2.54 0.119393 -1.62055 -4.71345
2.55 0.102465 -1.76518 -4.71345
2.56 0.0840892 -1.90998 -4.71345
2.57 0.0642647 -2.05495 -4.71345
2.58 0.0429899 -2.20004 -4.71345
2.59 0.0429899 -2.20004 -4.71345
2.6 0.0202636 -2.34522 -4.71345
2.61 -0.00384822 -2.47716 -3.3842
2.62 -0.0292794 -2.60908 -3.3842
2.63 -0.0560296 -2.74093 -3.3842
2.64 -0.0840976 -2.87263 -3.3842
2.65 -0.113481 -3.00409 -3.3842
2.66 -0.144178 -3.13522 -3.3842
2.67 -0.176184 -3.2659 -3.3842
2.68 -0.209495 -3.39602 -3.3842
2.69 -0.244103 -3.52545 -3.3842
2.7 -0.280001 -3.65404 -3.3842
2.71 -0.31718 -3.78164 -3.3842
2.72 -0.35563 -3.90808 -3.3842
2.73 -0.395337 -4.03319 -3.3842
2.74 -0.436288 -4.15677 -3.3842
2.75 -0.478467 -4.27862 -3.3842
2.76 -0.521854 -4.39855 -3.3842
2.77 -0.566431 -4.51632 -3.3842
2.78 -0.612173 -4.63171 -3.3842
2.79 -0.659056 -4.7445 -3.3842
2.8 -0.707053 -4.85443 -3.3842
2.81 -0.756259 -4.98614 -5.87236
2.82 -0.806765 -5.1145 -5.87236
2.83 -0.858537 -5.23924 -5.87236
2.84 -0.911537 -5.36009 -5.87236
2.85 -0.965725 -5.47678 -5.87236
2.86 -1.02106 -5.58905 -5.87236
2.87 -1.07749 -5.69665 -5.87236
2.88 -1.13497 -5.79933 -5.87236
2.89 -1.19346 -5.89685 -5.87236
2.9 -1.25289 -5.98899 -5.87236
2.91 -1.31322 -6.07556 -5.87236
2.92 -1.37439 -6.15636 -5.87236
2.93 -1.43633 -6.23124 -5.87236
2.94 -1.49899 -6.30007 -5.87236
2.95 -1.56231 -6.36274 -5.87236
2.96 -1.62622 -6.41916 -5.87236
2.97 -1.69067 -6.4693 -5.87236
2.98 -1.75523 -6.44062 1.38116
2.99 -1.81946 -6.40574 1.38116
3 -1.88332 -6.36476 1.38116
3.01 -1.94674 -6.31784 1.38116
3.02 -2.00966 -6.26516 1.38116
3.03 -2.07202 -6.20692 1.38116
3.04 -2.13393 -6.17425 -1.71015
3.05 -2.19549 -6.13646 -1.71015
3.06 -2.25665 -6.09379 -1.71015
3.07 -2.31735 -6.04649 -1.71015
3.08 -2.37756 -5.99484 -1.71015
3.09 -2.43723 -5.93913 -1.71015
3.1 -2.49633 -5.87964 -1.71015
3.11 -2.55482 -5.81668 -1.71015
3.12 -2.61265 -5.75056 -1.71015
3.13 -2.66982 -5.6816 -1.71015
3.14 -2.72628 -5.6101 -1.71015
3.15 -2.78201 -5.53639 -1.71015
3.16 -2.837 -5.46076 -1.71015
3.17 -2.89122 -5.38352 -1.71015
3.18 -2.94467 -5.30498 -1.71015
3.19 -2.99732 -5.22541 -1.71015
3.2 -3.04917 -5.14511 -1.71015
3.21 -3.10054 -5.12939 -8.21523
3.22 -3.15176 -5.11347 -8.21523
3.23 -3.20281 -5.09759 -8.21523
3.24 -3.25371 -5.08202 -8.21523
3.25 -3.30446 -5.06701 -8.21523
3.26 -3.35505 -5.0528 -8.21523
3.27 -3.40552 -5.03965 -8.21523
3.28 -3.45585 -5.02778 -8.21523
3.29 -3.45585 -5.02778 -8.21523
3.3 -3.50608 -5.01744 -8.21523
3.31 -3.55621 -5.00885 -8.21523
3.32 -3.60626 -5.00224 -8.21523
3.33 -3.65626 -4.99783 -8.21523
3.34 -3.70622 -4.99583 -8.21523
3.35 -3.75618 -4.99646 -8.21523
3.36 -3.80616 -4.99991 -8.21523
3.37 -3.85619 -5.00638 -8.21523
3.38 -3.90593 -4.94237 -0.845527
3.39 -3.95505 -4.88171 -0.845527
3.4 -4.00358 -4.82453 -0.845527
3.41 -4.05155 -4.77095 -0.845527
3.42 -4.09901 -4.72105 -0.845527
3.43 -4.14599 -4.67495 -0.845527
3.44 -4.19252 -4.63271 -0.845527
3.45 -4.23865 -4.59442 -0.845527
3.46 -4.28442 -4.56013 -0.845527
3.47 -4.32987 -4.52992 -0.845527
3.48 -4.37504 -4.50383 -0.845527
3.49 -4.41996 -4.4819 -0.845527
3.5 -4.4648 -4.48618 -3.04432
3.51 -4.5097 -4.49472 -3.04432
3.52 -4.55471 -4.50759 -3.04432
3.53 -4.59987 -4.52482 -3.04432
3.54 -4.64522 -4.54646 -3.04432
3.55 -4.69081 -4.57255 -3.04432
3.56 -4.73668 -4.60312 -3.04432
3.57 -4.78289 -4.63821 -3.04432
3.58 -4.78289 -4.63821 -3.04432
3.59 -4.82946 -4.67783 -3.04432
3.6 -4.87646 -4.72202 -3.04432
3.61 -4.92392 -4.77077 -3.04432
3.62 -4.97189 -4.8241 -3.04432
3.63 -5.02042 -4.882 -3.04432
3.64 -5.06954 -4.94446 -3.04432
3.65 -5.11932 -5.01147 -3.04432
3.66 -5.11932 -5.01147 -3.04432
3.67 -5.16979 -5.08299 -3.04432
3.68 -5.22049 -5.05876 6.97726
3.69 -5.27098 -5.03885 6.97726
3.7 -5.32128 -5.02315 6.97726
3.71 -5.37145 -5.01148 6.97726
3.72 -5.42153 -5.0037 6.97726
3.73 -5.47154 -4.99964 6.97726
3.74 -5.52153 -4.99914 6.97726
3.75 -5.57153 -5.00202 6.97726
3.76 -5.6218 -5.05201 2.58848
3.77 -5.67259 -5.10503 2.58848
3.78 -5.72391 -5.16092 2.58848
3.79 -5.77581 -5.2195 2.58848
3.8 -5.82811 -5.23985 6.66003
3.81 -5.88062 -5.26246 6.66003
3.82 -5.93336 -5.28708 6.66003
3.83 -5.98636 -5.31349 6.66003
3.84 -6.03964 -5.34142 6.66003
3.85 -6.09358 -5.44711 -0.989806
3.86 -6.14858 -5.55381 -0.989806
3.87 -6.20466 -5.66124 -0.989806
3.88 -6.26181 -5.7691 -0.989806
3.89 -6.32004 -5.87708 -0.989806
3.9 -6.37948 -6.01012 -3.51739
3.91 -6.44024 -6.1426 -3.51739
3.92 -6.50233 -6.27413 -3.51739
3.93 -6.56572 -6.40432 -3.51739
3.94 -6.63041 -6.53276 -3.51739
3.95 -6.69637 -6.65901 -3.51739
3.96 -6.76358 -6.78264 -3.51739
3.97 -6.83201 -6.9032 -3.51739
3.98 -6.90163 -7.02022 -3.51739
3.99 -6.9724 -7.13326 -3.51739
4 -7.04428 -7.24184 -3.51739
4.01 -7.11722 -7.34552 -3.51739
4.02 -7.19117 -7.44387 -3.51739
4.03 -7.26608 -7.53646 -3.51739
4.04 -7.34188 -7.6229 -3.51739
4.05 -7.41852 -7.70283 -3.51739
4.06 -7.49592 -7.77591 -3.51739
4.07 -7.57401 -7.84185 -3.51739
4.08 -7.65207 -7.76808 9.71623
4.09 -7.72935 -7.68686 9.71623
4.1 -7.80578 -7.59815 9.71623
4.11 -7.88129 -7.50201 9.71623
4.12 -7.95579 -7.39851 9.71623
4.13 -8.02923 -7.28779 9.71623
4.14 -8.10153 -7.17004 9.71623
4.15 -8.17261 -7.04548 9.71623
4.16 -8.24241 -6.91435 9.71623
4.17 -8.31088 -6.77694 9.71623
4.18 -8.37793 -6.63357 9.71623
4.19 -8.44353 -6.48457 9.71623
4.2 -8.50761 -6.33028 9.71623
4.21 -8.57012 -6.17106 9.71623
4.22 -8.63101 -6.00728 9.71623
4.23 -8.69025 -5.83929 9.71623
4.24 -8.74779 -5.66747 9.71623
4.25 -8.80359 -5.49215 9.71623
4.26 -8.85762 -5.31371 9.71623
4.27 -8.9107 -5.30211 -7.25047
4.28 -8.96365 -5.28796 -7.25047
4.29 -9.01645 -5.2715 -7.25047
4.3 -9.06908 -5.25298 -7.25047
4.31 -9.12151 -5.23268 -7.25047
4.32 -9.17372 -5.21083 -7.25047
4.33 -9.22572 -5.18772 -7.25047
4.34 -9.27748 -5.16361 -7.25047
4.35 -9.32899 -5.13874 -7.25047
4.36 -9.38025 -5.1134 -7.25047
4.37 -9.43125 -5.08783 -7.25047
4.38 -9.48201 -5.0623 -7.25047
4.39 -9.53233 -5.00247 -3.79237
4.4 -9.58206 -4.94316 -3.79237
4.41 -9.63119 -4.88461 -3.79237
4.42 -9.67975 -4.82704 -3.79237
4.43 -9.72774 -4.77067 -3.79237
4.44 -9.77517 -4.71569 -3.79237
4.45 -9.82206 -4.6623 -3.79237
4.46 -9.86842 -4.61068 -3.79237
4.47 -9.91428 -4.561 -3.79237
4.47 -9.86842 -4.61068 0
