0 -1.5708 0 0
0.01 -1.57064 0.0319367 3.1942
0.02 -1.57016 0.0638422 3.1942
0.03 -1.56936 0.095685 3.1942
0.04 -1.56824 0.127434 3.1942
0.05 -1.56681 0.159058 3.1942
0.06 -1.56506 0.190526 3.1942
0.07 -1.563 0.221807 3.1942
0.08 -1.56063 0.25287 3.1942
0.09 -1.55795 0.283686 3.1942
0.1 -1.55496 0.314223 3.1942
0.11 -1.55166 0.344452 3.1942
0.12 -1.54807 0.374343 3.1942
0.13 -1.54418 0.403867 3.1942
0.14 -1.53999 0.432995 3.1942
0.15 -1.53552 0.461699 3.1942
0.16 -1.53068 0.506093 4.80879
0.17 -1.5254 0.549991 4.80879
0.18 -1.51968 0.59335 4.80879
0.19 -1.51353 0.636128 4.80879
0.2 -1.50696 0.678283 4.80879
0.21 -1.49997 0.719774 4.80879
0.22 -1.49257 0.760561 4.80879
0.23 -1.48476 0.800604 4.80879
0.24 -1.47656 0.839865 4.80879
0.25 -1.46797 0.878305 4.80879
0.26 -1.45899 0.915888 4.80879
0.27 -1.44965 0.952579 4.80879
0.28 -1.43995 0.988342 4.80879
0.29 -1.42989 1.02314 4.80879
0.3 -1.41949 1.05695 4.80879
0.31 -1.40875 1.08974 4.80879
0.32 -1.39769 1.12146 4.80879
0.33 -1.38633 1.15211 4.80879
0.34 -1.37466 1.18164 4.80879
0.35 -1.3627 1.21004 4.80879
0.36 -1.35059 1.21202 2.28322
0.37 -1.33846 1.21285 2.28322
0.38 -1.32633 1.21251 2.28322
0.39 -1.31421 1.21103 2.28322
0.4 -1.30212 1.20839 2.28322
0.41 -1.29005 1.20461 2.28322
0.42 -1.27803 1.19969 2.28322
0.43 -1.26606 1.19365 2.28322
0.44 -1.25416 1.18649 2.28322
0.45 -1.24233 1.17823 2.28322
0.46 -1.2306 1.16887 2.28322
0.47 -1.21896 1.15843 2.28322
0.48 -1.20743 1.14693 2.28322
0.49 -1.19602 1.13437 2.28322
0.5 -1.18475 1.12077 2.28322
0.51 -1.18501 1.0676 -3.03518
0.52 -1.17468 0.999859 -3.03518
0.53 -1.16502 0.931214 -3.03518
0.54 -1.15605 0.86173 -3.03518
0.55 -1.14779 0.791473 -3.03518
0.56 -1.14023 0.720508 -3.03518
0.57 -1.13338 0.6489 -3.03518
0.58 -1.12725 0.576715 -3.03518
0.59 -1.12185 0.50402 -3.03518
0.6 -1.11717 0.430879 -3.03518
0.61 -1.113 0.402907 1.52035
0.62 -1.10912 0.37458 1.52035
0.63 -1.10551 0.345924 1.52035
0.64 -1.1022 0.316965 1.52035
0.65 -1.09917 0.287729 1.52035
0.66 -1.09644 0.258241 1.52035
0.67 -1.09401 0.228528 1.52035
0.68 -1.09187 0.198616 1.52035
0.69 -1.09004 0.16853 1.52035
0.7 -1.08861 0.11629 -0.680827
0.71 -1.08771 0.0639483 -0.680827
0.72 -1.08734 0.0115513 -0.680827
0.73 -1.08748 -0.0408558 -0.680827
0.74 -1.08815 -0.0932275 -0.680827
0.75 -1.08935 -0.145518 -0.680827
0.76 -1.09106 -0.197682 -0.680827
0.77 -1.0933 -0.249674 -0.680827
0.78 -1.09606 -0.301449 -0.680827
0.79 -1.09933 -0.35296 -0.680827
0.8 -1.10311 -0.404163 -0.680827
0.81 -1.10741 -0.455012 -0.680827
0.82 -1.11221 -0.505462 -0.680827
0.83 -1.11752 -0.555467 -0.680827
0.84 -1.12332 -0.604983 -0.680827
0.85 -1.12962 -0.653963 -0.680827
0.86 -1.1364 -0.702363 -0.680827
0.87 -1.14366 -0.750138 -0.680827
0.88 -1.1514 -0.797244 -0.680827
0.89 -1.1596 -0.843635 -0.680827
0.9 -1.16812 -0.858796 2.36674
0.91 -1.17678 -0.873183 2.36674
0.92 -1.18558 -0.886778 2.36674
0.93 -1.19451 -0.899568 2.36674
0.94 -1.20357 -0.911536 2.36674
0.95 -1.21274 -0.92267 2.36674
0.96 -1.22202 -0.932957 2.36674
0.97 -1.23139 -0.942383 2.36674
0.98 -1.24086 -0.950938 2.36674
0.99 -1.25041 -0.95861 2.36674
1 -1.26003 -0.96539 2.36674
1.01 -1.26996 -1.02035 -2.54196
1.02 -1.28043 -1.07435 -2.54196
1.03 -1.29144 -1.12734 -2.54196
1.04 -1.30298 -1.17927 -2.54196
1.05 -1.31502 -1.23008 -2.54196
1.06 -1.32757 -1.27973 -2.54196
1.07 -1.34062 -1.32816 -2.54196
1.08 -1.3541 -1.36842 -1.85278
1.09 -1.36798 -1.40738 -1.85278
1.1 -1.38224 -1.44499 -1.85278
1.11 -1.39687 -1.4812 -1.85278
1.12 -1.41186 -1.51598 -1.85278
1.13 -1.42719 -1.5493 -1.85278
1.14 -1.44284 -1.5811 -1.85278
1.15 -1.45881 -1.61138 -1.85278
1.16 -1.47506 -1.64008 -1.85278
1.17 -1.4916 -1.66718 -1.85278
1.18 -1.5084 -1.69264 -1.85278
1.19 -1.52545 -1.71646 -1.85278
1.2 -1.5425 -1.69309 2.69729
1.21 -1.55931 -1.66807 2.69729
1.22 -1.57585 -1.64141 2.69729
1.23 -1.59213 -1.61314 2.69729
1.24 -1.60811 -1.58329 2.69729
1.25 -1.62379 -1.55188 2.69729
1.26 -1.63914 -1.51896 2.69729
1.27 -1.65416 -1.48455 2.69729
1.28 -1.66883 -1.44869 2.69729
1.29 -1.68313 -1.41141 2.69729
1.3 -1.69705 -1.37276 2.69729
1.31 -1.71055 -1.32563 3.41205
1.32 -1.72356 -1.27721 3.41205
1.33 -1.73626 -1.26162 0.00384212
1.34 -1.74879 -1.24482 0.00384212
1.35 -1.76115 -1.22682 0.00384212
1.36 -1.77332 -1.20763 0.00384212
1.37 -1.7853 -1.18728 0.00384212
1.38 -1.79707 -1.1658 0.00384212
1.39 -1.8084 -1.10035 4.2896
1.4 -1.81907 -1.03385 4.2896
1.41 -1.82907 -0.966364 4.2896
1.42 -1.83839 -0.897965 4.2896
1.43 -1.84703 -0.828716 4.2896
1.44 -1.85496 -0.758685 4.2896
1.45 -1.8622 -0.68794 4.2896
1.46 -1.86915 -0.70264 -4.32092
1.47 -1.87625 -0.716682 -4.32092
1.48 -1.88348 -0.730053 -4.32092
1.49 -1.89085 -0.742742 -4.32092
1.5 -1.89834 -0.75474 -4.32092
1.51 -1.90594 -0.766037 -4.32092
1.52 -1.91365 -0.776625 -4.32092
1.53 -1.92147 -0.786495 -4.32092
1.54 -1.92938 -0.79564 -4.32092
1.55 -1.93707 -0.742497 1.83575
1.56 -1.94423 -0.688675 1.83575
1.57 -1.95084 -0.634223 1.83575
1.58 -1.95691 -0.579193 1.83575
1.59 -1.96243 -0.523638 1.83575
1.6 -1.96738 -0.467607 1.83575
1.61 -1.97178 -0.411153 1.83575
1.62 -1.97561 -0.354328 1.83575
1.63 -1.97886 -0.297184 1.83575
1.64 -1.98155 -0.239771 1.83575
1.65 -1.98366 -0.182144 1.83575
1.66 -1.98519 -0.124352 1.83575
1.67 -1.98614 -0.066449 1.83575
1.68 -1.98652 -0.00848625 1.83575
1.69 -1.98631 0.0494842 1.83575
1.7 -1.98631 0.0494842 1.83575
1.71 -1.98553 0.10741 1.83575
1.72 -1.98417 0.16524 1.83575
1.73 -1.98223 0.222921 1.83575
1.74 -1.97971 0.280401 1.83575
1.75 -1.97662 0.33763 1.83575
1.76 -1.97321 0.343639 -3.25651
1.77 -1.96975 0.349338 -3.25651
1.78 -1.96623 0.354721 -3.25651
1.79 -1.96265 0.359783 -3.25651
1.8 -1.95903 0.364519 -3.25651
1.81 -1.95536 0.368924 -3.25651
1.82 -1.95165 0.372993 -3.25651
1.83 -1.9479 0.376723 -3.25651
1.84 -1.94412 0.380109 -3.25651
1.85 -1.9403 0.383148 -3.25651
1.86 -1.93646 0.385837 -3.25651
1.87 -1.93259 0.388172 -3.25651
1.88 -1.9287 0.390151 -3.25651
1.89 -1.92479 0.391771 -3.25651
1.9 -1.92086 0.393031 -3.25651
1.91 -1.91693 0.393929 -3.25651
1.92 -1.91298 0.394464 -3.25651
1.93 -1.90904 0.394634 -3.25651
1.94 -1.90479 0.454361 2.73669
1.95 -1.89995 0.513668 2.73669
1.96 -1.89452 0.572497 2.73669
1.97 -1.88851 0.630794 2.73669
1.98 -1.88191 0.688504 2.73669
1.99 -1.87474 0.74557 2.73669
2 -1.867 0.801939 2.73669
2.01 -1.8587 0.857555 2.73669
2.02 -1.84985 0.912364 2.73669
2.03 -1.84046 0.966313 2.73669
2.04 -1.83053 1.01935 2.73669
2.05 -1.82007 1.07142 2.73669
2.06 -1.8091 1.12247 2.73669
2.07 -1.79757 1.1829 3.78204
2.08 -1.78545 1.2422 3.78204
2.09 -1.77273 1.30031 3.78204
2.1 -1.75945 1.35718 3.78204
2.11 -1.7456 1.41273 3.78204
2.12 -1.7312 1.46692 3.78204
2.13 -1.71626 1.51969 3.78204
2.14 -1.70081 1.57098 3.78204
2.15 -1.68479 1.63259 4.96632
2.16 -1.66816 1.6926 4.96632
2.17 -1.65094 1.75097 4.96632
2.18 -1.63315 1.80762 4.96632
2.19 -1.61479 1.8625 4.96632
2.2 -1.5959 1.91556 4.96632
2.21 -1.57649 1.96673 4.96632
2.22 -1.55657 2.01598 4.96632
2.23 -1.53618 2.06325 4.96632
2.24 -1.51532 2.1085 4.96632
2.25 -1.49401 2.15169 4.96632
2.26 -1.47229 2.19277 4.96632
2.27 -1.45017 2.23171 4.96632
2.28 -1.42766 2.26847 4.96632
2.29 -1.4048 2.30304 4.96632
2.3 -1.38161 2.33537 4.96632
2.31 -1.35813 2.36027 4.44676
2.32 -1.33441 2.38289 4.44676
2.33 -1.31048 2.40325 4.44676
2.34 -1.28635 2.42133 4.44676
2.35 -1.26206 2.43713 4.44676
2.36 -1.23762 2.45065 4.44676
2.37 -1.21305 2.4619 4.44676
2.38 -1.18839 2.47089 4.44676
2.39 -1.16364 2.47763 4.44676
2.4 -1.13884 2.48213 4.44676
2.41 -1.11401 2.48443 4.44676
2.42 -1.08916 2.48454 4.44676
2.43 -1.06433 2.48249 4.44676
2.44 -1.03952 2.47831 4.44676
2.45 -1.01477 2.47203 4.44676
2.46 -1.01477 2.47203 4.44676
2.47 -0.990086 2.4637 4.44676
2.48 -0.965499 2.45334 4.44676
2.49 -0.941026 2.44101 4.44676
2.5 -0.916685 2.42674 4.44676
2.51 -0.892892 2.33161 -3.45101
2.52 -0.870059 2.23471 -3.45101
2.53 -0.848204 2.13612 -3.45101
2.54 -0.827342 2.03597 -3.45101
2.55 -0.807489 1.93434 -3.45101
2.56 -0.78866 1.83134 -3.45101
2.57 -0.770867 1.72707 -3.45101
2.58 -0.754122 1.62162 -3.45101
2.59 -0.738438 1.51508 -3.45101
2.6 -0.723824 1.40753 -3.45101
2.61 -0.71029 1.29908 -3.45101
2.62 -0.697845 1.18979 -3.45101
2.63 -0.686497 1.07975 -3.45101
2.64 -0.676252 0.969039 -3.45101
2.65 -0.667121 0.857158 -3.50852
2.66 -0.659111 0.744757 -3.50852
2.67 -0.652227 0.631908 -3.50852
2.68 -0.646474 0.518683 -3.50852
2.69 -0.641733 0.429584 -1.06502
2.7 -0.637883 0.340233 -1.06502
2.71 -0.634929 0.250683 -1.06502
2.72 -0.63287 0.160987 -1.06502
2.73 -0.631709 0.0711973 -1.06502
2.74 -0.631446 -0.0186335 -1.06502
2.75 -0.632082 -0.108453 -1.06502
2.76 -0.633615 -0.198211 -1.06502
2.77 -0.636046 -0.287852 -1.06502
2.78 -0.639372 -0.377327 -1.06502
2.79 -0.643591 -0.46658 -1.06502
2.8 -0.648702 -0.555558 -1.06502
2.81 -0.654701 -0.644207 -1.06502
2.82 -0.661585 -0.732472 -1.06502
2.83 -0.669349 -0.820294 -1.06502
2.84 -0.677989 -0.907618 -1.06502
2.85 -0.687636 -1.02164 -3.79134
2.86 -0.698367 -1.12449 -2.73755
2.87 -0.710124 -1.22664 -2.73755
2.88 -0.722898 -1.32799 -2.73755
2.89 -0.736681 -1.42849 -2.73755
2.9 -0.751464 -1.52804 -2.73755
2.91 -0.767238 -1.62658 -2.73755
2.92 -0.783992 -1.724 -2.73755
2.93 -0.801714 -1.82023 -2.73755
2.94 -0.820392 -1.91517 -2.73755
2.95 -0.840013 -2.00874 -2.73755
2.96 -0.860562 -2.10085 -2.73755
2.97 -0.882025 -2.19139 -2.73755
2.98 -0.904384 -2.28027 -2.73755
2.99 -0.927382 -2.31898 2.10399
3 -0.95104 -2.41232 -3.54134
3.01 -0.975622 -2.50373 -3.54134
3.02 -1.00111 -2.59311 -3.54134
3.03 -1.02748 -2.68035 -3.54134
3.04 -1.05471 -2.76533 -3.54134
3.05 -1.08278 -2.84796 -3.54134
3.06 -1.11166 -2.92812 -3.54134
3.07 -1.14123 -2.98532 -1.50304
3.08 -1.17136 -3.03986 -1.50304
3.09 -1.20202 -3.09166 -1.50304
3.1 -1.23318 -3.14062 -1.50304
3.11 -1.26482 -3.18668 -1.50304
3.12 -1.2969 -3.22976 -1.50304
3.13 -1.3294 -3.26979 -1.50304
3.14 -1.36227 -3.30283 -1.11572
3.15 -1.39545 -3.3327 -1.11572
3.16 -1.42891 -3.35935 -1.11572
3.17 -1.46263 -3.38275 -1.11572
3.18 -1.49656 -3.40284 -1.11572
3.19 -1.53067 -3.4196 -1.11572
3.2 -1.56494 -3.43302 -1.11572
3.21 -1.59932 -3.44306 -1.11572
3.22 -1.63379 -3.44973 -1.11572
3.23 -1.6683 -3.45303 -1.11572
3.24 -1.70284 -3.45295 -1.11572
3.25 -1.73735 -3.44952 -1.11572
3.26 -1.77182 -3.44275 -1.11572
3.27 -1.8062 -3.43267 -1.11572
3.28 -1.84046 -3.41931 -1.11572
3.29 -1.87457 -3.40273 -1.11572
3.3 -1.9085 -3.38296 -1.11572
3.31 -1.94222 -3.36005 -1.11572
3.32 -1.97569 -3.33408 -1.11572
3.33 -2.00891 -3.30972 -1.57704
3.34 -2.04188 -3.28241 -1.57704
3.35 -2.07455 -3.25224 -1.57704
3.36 -2.10691 -3.21927 -1.57704
3.37 -2.13893 -3.18358 -1.57704
3.38 -2.17058 -3.14527 -1.57704
3.39 -2.20183 -3.10441 -1.57704
3.4 -2.23266 -3.06109 -1.57704
3.41 -2.26304 -3.0154 -1.57704
3.42 -2.29296 -2.96743 -1.57704
3.43 -2.32238 -2.91728 -1.57704
3.44 -2.32241 -2.92382 -2.23088
3.45 -2.35143 -2.87811 -2.23088
3.46 -2.37997 -2.83039 -2.23088
3.47 -2.40803 -2.78076 -2.23088
3.48 -2.43558 -2.7293 -2.23088
3.49 -2.46261 -2.67611 -2.23088
3.5 -2.4891 -2.62127 -2.23088
3.51 -2.51503 -2.56486 -2.23088
3.52 -2.54039 -2.50698 -2.23088
3.53 -2.56516 -2.44771 -2.23088
3.54 -2.58934 -2.38713 -2.23088
3.55 -2.6129 -2.32532 -2.23088
3.56 -2.63584 -2.26236 -2.23088
3.57 -2.65814 -2.19832 -2.23088
3.58 -2.6798 -2.13329 -2.23088
3.59 -2.70081 -2.06732 -2.23088
3.6 -2.72122 -2.01425 -3.60826
3.61 -2.74109 -1.96038 -3.60826
3.62 -2.76042 -1.90576 -3.60826
3.63 -2.7792 -1.85045 -3.60826
3.64 -2.79743 -1.79449 -3.60826
3.65 -2.81509 -1.73793 -3.60826
3.66 -2.83218 -1.68083 -3.60826
3.67 -2.84871 -1.62323 -3.60826
3.68 -2.86465 -1.56517 -3.60826
3.69 -2.88001 -1.50668 -3.60826
3.7 -2.89478 -1.44782 -3.60826
3.71 -2.90896 -1.38861 -3.60826
3.72 -2.92255 -1.32908 -3.60826
3.73 -2.93554 -1.26927 -3.60826
3.74 -2.94794 -1.2092 -3.60826
3.75 -2.95973 -1.14891 -3.60826
3.76 -2.97091 -1.08841 -3.60826
3.77 -2.98149 -1.02773 -3.60826
3.78 -2.99147 -0.966895 -3.60826
3.79 -3.00083 -0.905913 -3.60826
3.8 -3.00934 -0.794866 1.3858
3.81 -3.01664 -0.665634 3.19415
3.82 -3.02265 -0.53632 3.19415
3.83 -3.02736 -0.406943 3.19415
3.84 -3.03078 -0.275327 3.4135
3.85 -3.03287 -0.143681 3.4135
3.86 -3.03365 -0.0120202 3.4135
3.87 -3.03311 0.119642 3.4135
3.88 -3.03126 0.251292 3.4135
3.89 -3.02809 0.382914 3.4135
3.9 -3.0236 0.514494 3.4135
3.91 -3.0178 0.646014 3.4135
3.92 -3.01068 0.777456 3.4135
3.93 -3.00225 0.908798 3.4135
3.94 -2.9925 1.04002 3.4135
3.95 -2.98164 1.13209 -0.486063
3.96 -2.96986 1.22398 -0.486063
3.97 -2.95716 1.31567 -0.486063
3.98 -2.94355 1.40712 -0.486063
3.99 -2.92902 1.4983 -0.486063
4 -2.91358 1.58917 -0.486063
4.01 -2.89724 1.67969 -0.486063
4.02 -2.87999 1.7698 -0.486063
4.03 -2.86184 1.85947 -0.486063
4.04 -2.8428 1.94864 -0.486063
4.05 -2.82287 2.03724 -0.486063
4.06 -2.80206 2.12521 -0.486063
4.07 -2.78037 2.21249 -0.486063
4.08 -2.75781 2.29901 -0.486063
4.09 -2.73439 2.38467 -0.486063
4.1 -2.70985 2.52324 4.89653
4.11 -2.68393 2.66076 4.89653
4.12 -2.65664 2.79713 4.89653
4.13 -2.62799 2.93223 4.89653
4.14 -2.598 3.06591 4.89653
4.15 -2.56668 3.19803 4.89653
4.16 -2.53405 3.32844 4.89653
4.17 -2.50012 3.457 4.89653
4.18 -2.46492 3.58352 4.89653
4.19 -2.42846 3.70784 4.89653
4.2 -2.39078 3.8277 4.68899
4.21 -2.35191 3.945 4.68899
4.22 -2.31189 4.05956 4.68899
4.23 -2.27073 4.17117 4.68899
4.24 -2.22847 4.27966 4.68899
4.25 -2.18515 4.38482 4.68899
4.26 -2.14079 4.48647 4.68899
4.27 -2.09543 4.58441 4.68899
4.28 -2.04911 4.67846 4.68899
4.29 -2.00189 4.76566 4.41116
4.3 -1.95381 4.84861 4.41116
4.31 -1.90493 4.92716 4.41116
4.32 -1.85529 5.00113 4.41116
4.33 -1.80492 5.0704 4.41116
4.34 -1.75389 5.13483 4.41116
4.35 -1.70224 5.19431 4.41116
4.36 -1.65002 5.24874 4.41116
4.37 -1.65016 5.22193 1.72933
4.38 -1.59782 5.24444 1.72933
4.39 -1.54529 5.26181 1.72933
4.4 -1.4926 5.27402 1.72933
4.41 -1.43982 5.28107 1.72933
4.42 -1.387 5.28382 1.81211
4.43 -1.33416 5.28147 1.81211
4.44 -1.28138 5.27409 1.81211
4.45 -1.2287 5.26204 1.84135
4.46 -1.17616 5.24513 1.84135
4.47 -1.12381 5.22348 1.84135
4.48 -1.0717 5.1972 1.84135
4.49 -1.01988 5.16645 1.84135
4.5 -0.968325 5.14421 3.1247
4.51 -0.917011 5.11781 3.1247
4.52 -0.865982 5.08743 3.1247
4.53 -0.815275 5.05325 3.1247
4.54 -0.764929 5.01546 3.1247
4.55 -0.714978 4.97427 3.1247
4.56 -0.665395 4.94162 4.29935
4.57 -0.616155 4.90598 4.29935
4.58 -0.567285 4.86756 4.29935
4.59 -0.518812 4.82657 4.29935
4.6 -0.470761 4.78324 4.29935
4.61 -0.423155 4.73778 4.29935
4.62 -0.376012 4.6904 4.29935
4.63 -0.329352 4.64134 4.29935
4.64 -0.329352 4.64134 4.29935
4.65 -0.28319 4.59081 4.29935
4.66 -0.23754 4.53902 4.29935
4.67 -0.192414 4.48617 4.29935
4.68 -0.14782 4.43249 4.29935
4.69 -0.103766 4.37817 4.29935
4.7 -0.0602578 4.3234 4.29935
4.71 -0.0172988 4.26837 4.29935
4.72 -0.0172988 4.26837 4.29935
4.73 0.0251094 4.21327 4.29935
4.74 0.0668431 4.1335 1.82134
4.75 0.10778 4.05399 1.82134
4.76 0.147924 3.97491 1.82134
4.77 0.187281 3.89641 1.82134
4.78 0.225855 3.81862 1.82134
4.79 0.263656 3.74166 1.82134
4.8 0.300691 3.66566 1.82134
4.81 0.336972 3.59073 1.82134
4.82 0.37251 3.51695 1.82134
4.83 0.407316 3.44444 1.82134
4.84 0.441336 3.3599 0.485898
4.85 0.474518 3.27678 0.485898
4.86 0.506877 3.19512 0.485898
4.87 0.538426 3.11498 0.485898
4.88 0.569181 3.03641 0.485898
4.89 0.599159 2.95944 0.485898
4.9 0.628376 2.88411 0.485898
4.91 0.656847 2.81044 0.485898
4.92 0.684663 2.75296 1.93613
4.93 0.712059 2.72666 4.88285
4.94 0.739202 2.70211 4.88285
4.95 0.766108 2.67934 4.88285
4.96 0.792795 2.65839 4.88285
4.97 0.819282 2.6393 4.88285
4.98 0.845587 2.62211 4.88285
4.99 0.87173 2.60683 4.88285
5 0.89773 2.59352 4.88285
5.01 0.923607 2.58219 4.88285
5.02 0.949381 2.57289 4.88285
5.03 0.975072 2.56563 4.88285
5.04 1.0007 2.56047 4.88285
5.05 1.02629 2.55741 4.88285
5.06 1.05186 2.5565 4.88285
5.07 1.07697 2.46634 -4.25849
5.08 1.10119 2.37832 -4.25849
5.09 1.12454 2.29237 -4.25849
5.1 1.14704 2.20845 -4.25849
5.11 1.16913 2.20982 4.07117
5.12 1.19125 2.21318 4.07117
5.13 1.2134 2.21856 4.07117
5.14 1.23562 2.22597 4.07117
5.15 1.25793 2.23545 4.07117
5.16 1.28034 2.24702 4.07117
5.17 1.30288 2.26069 4.07117
5.18 1.32556 2.27651 4.07117
5.19 1.34841 2.29449 4.07117
5.2 1.37146 2.31467 4.07117
5.21 1.39472 2.33707 4.07117
5.22 1.41821 2.36173 4.07117
5.23 1.44196 2.38869 4.07117
5.24 1.46599 2.41796 4.07117
5.25 1.49033 2.4496 4.07117
5.26 1.51499 2.48363 4.07117
5.27 1.54001 2.52009 4.07117
5.28 1.5654 2.55902 4.07117
5.29 1.59119 2.60047 4.07117
5.3 1.61722 2.60593 0.218989
5.31 1.64332 2.61395 0.218989
5.32 1.66951 2.62453 0.218989
5.33 1.69582 2.63767 0.218989
5.34 1.72206 2.61104 -4.01441
5.35 1.74805 2.58694 -4.01441
5.36 1.77381 2.56533 -4.01441
5.37 1.79937 2.5462 -4.01441
5.38 1.82474 2.52949 -4.01441
5.39 1.84996 2.51519 -4.01441
5.4 1.87531 2.5537 1.02919
5.41 1.90104 2.5946 1.02919
5.42 1.92721 2.63791 1.02919
5.43 1.95381 2.68365 1.02919
5.44 1.98089 2.73183 1.02919
5.45 2.00846 2.78246 1.02919
5.46 2.03654 2.83557 1.02919
5.47 2.06518 2.89116 1.02919
5.48 2.06518 2.89116 1.02919
5.49 2.09438 2.94925 1.02919
5.5 2.12417 3.00984 1.02919
5.51 2.15447 3.05134 -1.13198
5.52 2.1852 3.09532 -1.13198
5.53 2.21639 3.14179 -1.13198
5.54 2.24805 3.19073 -1.13198
5.55 2.28039 3.2779 2.44843
5.56 2.31361 3.36752 2.44843
5.57 2.34775 3.45957 2.44843
5.58 2.38281 3.55404 2.44843
5.59 2.41884 3.65091 2.44843
5.6 2.45584 3.75015 2.44843
5.61 2.49385 3.85171 2.44843
5.62 2.53288 3.95556 2.44843
5.63 2.57297 4.06162 2.44843
5.64 2.61412 4.16982 2.44843
5.65 2.65637 4.28009 2.44843
5.66 2.69973 4.39231 2.44843
5.67 2.74431 4.52364 4.17493
5.68 2.79021 4.65668 4.17493
5.69 2.83745 4.7913 4.17493
5.7 2.88604 4.92732 4.17493
5.71 2.936 5.06456 4.17493
5.72 2.98733 5.20281 4.17493
5.73 3.04006 5.34185 4.17493
5.74 3.09417 5.48141 4.17493
5.75 3.09417 5.48141 4.17493
5.76 3.14968 5.62123 4.17493
5.77 3.2066 5.761 4.17493
5.78 3.2649 5.9004 4.17493
5.79 3.3246 6.03909 4.17493
5.8 3.38568 6.1767 4.17493
5.81 3.44813 6.31284 4.17493
5.82 3.51193 6.44711 4.17493
5.83 3.57707 6.5791 4.17493
5.84 3.64351 6.70835 4.17493
5.85 3.71122 6.83445 4.17493
5.86 3.78019 6.95943 4.42604
5.87 3.8504 7.08035 4.42604
5.88 3.92179 7.19675 4.42604
5.89 3.99432 7.30818 4.42604
5.9 4.06793 7.41421 4.42604
5.91 4.14258 7.51444 4.42604
5.92 4.2182 7.60845 4.42604
5.93 4.29473 7.6959 4.42604
5.94 4.37165 7.68795 -4.42607
5.95 4.44866 7.71256 -0.45856
5.96 4.52588 7.72986 -0.45856
5.97 4.60323 7.73972 -0.45856
5.98 4.68065 7.74204 -0.45856
5.99 4.75805 7.73677 -0.45856
6 4.83536 7.72393 -0.45856
6.01 4.9125 7.70357 -0.45856
6.02 4.98941 7.6758 -0.45856
6.03 5.06623 7.68768 4.23067
6.04 5.14314 7.6925 4.23067
6.05 5.22006 7.69045 4.23067
6.06 5.29692 7.68182 4.23067
6.07 5.37367 7.66691 4.23067
6.08 5.44988 7.57412 -2.96486
6.09 5.52549 7.54629 4.08149
6.1 5.60079 7.51337 4.08149
6.11 5.67574 7.4758 4.08149
6.12 5.75029 7.43406 4.08149
6.13 5.82441 7.3886 4.08149
6.14 5.89805 7.33994 4.08149
6.15 5.9712 7.28857 4.08149
6.16 6.04382 7.23501 4.08149
6.17 6.11589 7.17977 4.08149
6.18 6.18741 7.12335 4.08149
6.19 6.25836 7.06626 4.08149
6.2 6.32856 6.97512 0.693017
6.21 6.39786 6.88428 0.693017
6.22 6.46625 6.79422 0.693017
6.23 6.53375 6.70537 0.693017
6.24 6.60037 6.61814 0.693017
6.25 6.66612 6.53294 0.693017
6.26 6.73103 6.45013 0.693017
6.27 6.79494 6.33222 -3.09084
6.28 6.85769 6.21735 -3.09084
6.29 6.9193 6.10579 -3.09084
6.3 6.97981 5.99778 -3.09084
6.31 7.03927 5.89355 -3.09084
6.32 7.0977 5.79328 -3.09084
6.33 7.15515 5.69715 -3.09084
6.34 7.21166 5.60529 -3.09084
6.35 7.26727 5.51783 -3.09084
6.36 7.32203 5.43488 -3.09084
6.37 7.37598 5.35653 -3.09084
6.38 7.42917 5.28283 -3.09084
6.39 7.48165 5.21386 -3.09084
6.4 7.53347 5.14966 -3.09084
6.41 7.58466 5.09024 -3.09084
6.42 7.63529 5.03564 -3.09084
6.43 7.68539 4.98586 -3.09084
6.44 7.73502 4.9409 -3.09084
6.45 7.78423 4.90075 -3.09084
6.46 7.83305 4.8654 -3.09084
6.47 7.83305 4.8654 -3.09084
6.48 7.88191 4.90664 4.0895
6.49 7.9312 4.95268 4.0895
6.5 7.98098 5.00357 4.0895
6.51 8.03129 5.05933 4.0895
6.52 8.08218 5.11997 4.0895
6.53 8.1337 5.18551 4.0895
6.54 8.18591 5.25593 4.0895
6.55 8.23884 5.33122 4.0895
6.56 8.29251 5.40277 3.23042
6.57 8.34691 5.47912 3.23042
6.58 8.4021 5.5602 3.23042
6.59 8.45813 5.64594 3.23042
6.6 8.51504 5.73623 3.23042
6.61 8.57287 5.83096 3.23042
6.62 8.63167 5.92999 3.23042
6.63 8.69148 6.03317 3.23042
6.64 8.75235 6.14031 3.23042
6.65 8.8143 6.25119 3.23042
6.66 8.87738 6.36559 3.23042
6.67 8.94162 6.48324 3.23042
6.68 9.00706 6.60384 3.23042
6.69 9.07371 6.72706 3.23042
6.7 9.14161 6.85256 3.23042
6.71 9.21077 6.97992 3.23042
6.72 9.28121 7.10874 3.23042
6.73 9.35303 7.25506 4.88104
6.74 9.42631 7.40189 4.88104
6.75 9.50107 7.5487 4.88104
6.76 9.57728 7.69495 4.88104
6.77 9.65496 7.84005 4.88104
6.78 9.73408 7.98339 4.88104
6.79 9.81462 8.12435 4.88104
6.8 9.89656 8.26227 4.88104
6.81 9.97985 8.39652 4.88104
6.82 10.0645 8.52642 4.88104
6.83 10.1504 8.65133 4.88104
6.84 10.2375 8.77061 4.88104
6.85 10.3258 8.88364 4.88104
6.86 10.4151 8.98985 4.88104
6.87 10.5055 9.08869 4.88104
6.88 10.5969 9.17966 4.88104
6.89 10.6888 9.21068 -0.28622
6.9 10.7811 9.23309 -0.28622
6.91 10.8735 9.24665 -0.28622
6.92 10.966 9.25122 -0.28622
6.93 11.0585 9.24673 -0.28622
6.94 11.1509 9.23319 -0.28622
6.95 11.2431 9.21071 -0.28622
6.96 11.3351 9.17947 -0.28622
6.97 11.4267 9.13975 -0.28622
6.98 11.5178 9.09189 -0.28622
6.99 11.6085 9.03631 -0.28622
7 11.6985 8.97347 -0.28622
7.01 11.7879 8.90393 -0.28622
7.02 11.8766 8.82826 -0.28622
7.03 11.9645 8.74707 -0.28622
7.04 12.0516 8.67362 0.97234
7.05 12.1379 8.59598 0.97234
7.06 12.2236 8.53643 3.13222
7.07 12.3086 8.47407 3.13222
7.08 12.3931 8.40958 3.13222
7.09 12.4768 8.34368 3.13222
7.1 12.5599 8.27704 3.13222
7.11 12.6424 8.21035 3.13222
7.12 12.7241 8.14427 3.13222
7.13 12.8053 8.07944 3.13222
7.14 12.8857 8.01649 3.13222
7.15 12.9656 7.94852 2.38426
7.16 13.0447 7.88358 2.38426
7.17 13.1232 7.8222 2.38426
7.18 13.2012 7.76487 2.38426
7.19 13.2786 7.71206 2.38426
7.2 13.3554 7.66418 2.38426
7.21 13.4319 7.62164 2.38426
7.22 13.5079 7.58479 2.38426
7.23 13.5836 7.55395 2.38426
7.24 13.659 7.52941 2.38426
7.25 13.7342 7.51143 2.38426
7.26 13.8092 7.50022 2.38426
7.27 13.8842 7.49598 2.38426
7.28 13.9592 7.49885 2.38426
7.29 14.0342 7.50896 2.38426
7.3 14.1094 7.5264 2.38426
7.31 14.1847 7.53492 0.75504
7.32 14.2601 7.55081 0.75504
7.33 14.3357 7.57406 0.75504
7.34 14.4116 7.60459 0.75504
7.35 14.4878 7.64229 0.75504
7.36 14.5645 7.68704 0.75504
7.37 14.6416 7.73864 0.75504
7.38 14.7193 7.79688 0.75504
7.39 14.7976 7.86151 0.75504
7.4 14.8765 7.93223 0.75504
7.41 14.9562 8.0087 0.75504
7.42 15.0367 8.09052 0.75504
7.43 15.1181 8.17728 0.75504
7.44 15.2004 8.30101 4.00638
7.45 15.2841 8.4287 4.00638
7.46 15.369 8.55978 4.00638
7.47 15.455 8.63247 -2.11151
7.48 15.5417 8.70728 -2.11151
7.49 15.629 8.76135 -4.32605
7.5 15.7169 8.8161 -4.32605
7.51 15.8053 8.87077 -4.32605
7.52 15.8943 8.92459 -4.32605
7.53 15.9838 8.97679 -4.32605
7.54 16.074 9.05825 -1.16002
7.55 16.165 9.13653 -1.16002
7.56 16.2567 9.21086 -1.16002
7.57 16.3492 9.28047 -1.16002
7.58 16.4423 9.34465 -1.16002
7.59 16.5361 9.40268 -1.16002
7.6 16.6304 9.45392 -1.16002
7.61 16.7251 9.49778 -1.16002
7.62 16.8203 9.53696 -0.835902
7.63 16.9158 9.56775 -0.835902
7.64 17.0116 9.58978 -0.835902
7.65 17.1076 9.60274 -0.835902
7.66 17.2036 9.60643 -0.835902
7.67 17.2997 9.60072 -0.835902
7.68 17.3956 9.58561 -0.835902
7.69 17.4914 9.56117 -0.835902
7.7 17.5868 9.52757 -0.835902
7.7 17.5868 9.52757 0
