0 -1.5708 0 0
0.01 -1.57071 0.0175471 1.755
0.02 -1.57045 0.035077 1.755
0.03 -1.57001 0.0525726 1.755
0.04 -1.56958 0.0322418 -2.02308
0.05 -1.56936 0.0118795 -2.02308
0.06 -1.5691 0.0407019 2.89736
0.07 -1.56855 0.0694843 2.89736
0.08 -1.56771 0.0981986 2.89736
0.09 -1.56658 0.126817 2.89736
0.1 -1.56517 0.15531 2.89736
0.11 -1.56348 0.183651 2.89736
0.12 -1.5615 0.211812 2.89736
0.13 -1.55924 0.239766 2.89736
0.14 -1.55671 0.267484 2.89736
0.15 -1.55389 0.29494 2.89736
0.16 -1.55081 0.322106 2.89736
0.17 -1.54745 0.348957 2.89736
0.18 -1.54383 0.375465 2.89736
0.19 -1.53995 0.401606 2.89736
0.2 -1.5358 0.427352 2.89736
0.21 -1.5314 0.45268 2.89736
0.22 -1.52675 0.477564 2.89736
0.23 -1.52185 0.501979 2.89736
0.24 -1.51671 0.525903 2.89736
0.25 -1.51133 0.549312 2.89736
0.26 -1.50601 0.514961 -2.82584
0.27 -1.50104 0.480105 -2.82584
0.28 -1.49641 0.44478 -2.82584
0.29 -1.49214 0.409019 -2.82584
0.3 -1.48823 0.372859 -2.82584
0.31 -1.48469 0.336334 -2.82584
0.32 -1.48151 0.29948 -2.82584
0.33 -1.4787 0.262333 -2.82584
0.34 -1.47626 0.224931 -2.82584
0.35 -1.4742 0.187309 -2.82584
0.36 -1.47252 0.149503 -2.82584
0.37 -1.47121 0.111552 -2.82584
0.38 -1.47028 0.0734925 -2.82584
0.39 -1.46974 0.0353608 -2.82584
0.4 -1.46958 -0.00280536 -2.82584
0.41 -1.46958 -0.00280536 -2.82584
0.42 -1.4698 -0.0409688 -2.82584
0.43 -1.4704 -0.0790923 -2.82584
0.44 -1.47135 -0.11201 -2.31292
0.45 -1.47264 -0.144819 -2.31292
0.46 -1.47425 -0.177486 -2.31292
0.47 -1.47619 -0.20998 -2.31292
0.48 -1.47845 -0.242268 -2.31292
0.49 -1.48103 -0.27432 -2.31292
0.5 -1.48393 -0.306105 -2.31292
0.51 -1.48715 -0.33759 -2.31292
0.52 -1.49068 -0.368745 -2.31292
0.53 -1.49453 -0.399539 -2.31292
0.54 -1.49867 -0.429943 -2.31292
0.55 -1.50312 -0.459926 -2.31292
0.56 -1.50787 -0.489459 -2.31292
0.57 -1.51291 -0.518512 -2.31292
0.58 -1.51824 -0.547058 -2.31292
0.59 -1.52385 -0.575068 -2.31292
0.6 -1.52976 -0.607437 -2.8052
0.61 -1.536 -0.63921 -2.8052
0.62 -1.54254 -0.670357 -2.8052
0.63 -1.5494 -0.700846 -2.8052
0.64 -1.55656 -0.730648 -2.8052
0.65 -1.56401 -0.759734 -2.8052
0.66 -1.57175 -0.788074 -2.8052
0.67 -1.57977 -0.815641 -2.8052
0.68 -1.58806 -0.842408 -2.8052
0.69 -1.59662 -0.868349 -2.8052
0.7 -1.60543 -0.893439 -2.8052
0.71 -1.61448 -0.917652 -2.8052
0.72 -1.62372 -0.930563 -1.76466
0.73 -1.63309 -0.942562 -1.76466
0.74 -1.64257 -0.953638 -1.76466
0.75 -1.65216 -0.963782 -1.76466
0.76 -1.66184 -0.972983 -1.76466
0.77 -1.67162 -0.981233 -1.76466
0.78 -1.68147 -0.988526 -1.76466
0.79 -1.69138 -0.994856 -1.76466
0.8 -1.70136 -1.00022 -1.76466
0.81 -1.71139 -1.0046 -1.76466
0.82 -1.72145 -1.00802 -1.76466
0.83 -1.73154 -1.01045 -1.76466
0.84 -1.74165 -1.01191 -1.76466
0.85 -1.75178 -1.01238 -1.76466
0.86 -1.7518 -1.01683 -2.20891
0.87 -1.76199 -1.02076 -2.20891
0.88 -1.77221 -1.02372 -2.20891
0.89 -1.78246 -1.02569 -2.20891
0.9 -1.79272 -1.02668 -2.20891
0.91 -1.80299 -1.02669 -2.20891
0.92 -1.81325 -1.02571 -2.20891
0.93 -1.8235 -1.02376 -2.20891
0.94 -1.83372 -1.02084 -2.20891
0.95 -1.84391 -1.01695 -2.20891
0.96 -1.854 -1.00044 -1.04295
0.97 -1.86392 -0.982986 -1.04295
0.98 -1.87366 -0.964612 -1.04295
0.99 -1.88321 -0.945335 -1.04295
1 -1.89245 -0.902791 1.19581
1.01 -1.90126 -0.859407 1.19581
1.02 -1.90964 -0.815226 1.19581
1.03 -1.91756 -0.77029 1.19581
1.04 -1.92504 -0.724644 1.19581
1.05 -1.93205 -0.678331 1.19581
1.06 -1.9386 -0.631395 1.19581
1.07 -1.94468 -0.583882 1.19581
1.08 -1.95028 -0.535835 1.19581
1.09 -1.9554 -0.4873 1.19581
1.1 -1.96002 -0.438322 1.19581
1.11 -1.96416 -0.388946 1.19581
1.12 -1.9678 -0.339218 1.19581
1.13 -1.97094 -0.289183 1.19581
1.14 -1.97358 -0.238887 1.19581
1.15 -1.97572 -0.188375 1.19581
1.16 -1.97735 -0.137693 1.19581
1.17 -1.97868 -0.127459 -2.86198
1.18 -1.9799 -0.11711 -2.86198
1.19 -1.98102 -0.106655 -2.86198
1.2 -1.98203 -0.0961052 -2.86198
1.21 -1.98294 -0.0854686 -2.86198
1.22 -1.98374 -0.0747551 -2.86198
1.23 -1.98444 -0.0639744 -2.86198
1.24 -1.98502 -0.0531363 -2.86198
1.25 -1.9855 -0.0422505 -2.86198
1.26 -1.98587 -0.0313267 -2.86198
1.27 -1.98612 -0.0203748 -2.86198
1.28 -1.98627 -0.00940466 -2.86198
1.29 -1.98631 0.00157395 -2.86198
1.3 -1.98624 0.0125512 -2.86198
1.31 -1.98606 0.0235171 -2.86198
1.32 -1.98577 0.0344619 -2.86198
1.33 -1.98537 0.0453758 -2.86198
1.34 -1.98486 0.0562489 -2.86198
1.35 -1.98425 0.0670716 -2.86198
1.36 -1.98352 0.077834 -2.86198
1.37 -1.98258 0.110285 -0.685759
1.38 -1.98132 0.142638 -0.685759
1.39 -1.97973 0.174861 -0.685759
1.4 -1.97782 0.206928 -0.685759
1.41 -1.97559 0.238808 -0.685759
1.42 -1.97305 0.270473 -0.685759
1.43 -1.97018 0.301893 -0.685759
1.44 -1.96701 0.333041 -0.685759
1.45 -1.96352 0.363888 -0.685759
1.46 -1.95973 0.394404 -0.685759
1.47 -1.95564 0.423615 -0.780564
1.48 -1.95126 0.452441 -0.780564
1.49 -1.94659 0.480854 -0.780564
1.5 -1.94165 0.508829 -0.780564
1.51 -1.93642 0.536338 -0.780564
1.52 -1.93092 0.563356 -0.780564
1.53 -1.92515 0.589857 -0.780564
1.54 -1.91913 0.615816 -0.780564
1.55 -1.91284 0.641206 -0.780564
1.56 -1.9063 0.666004 -0.780564
1.57 -1.89952 0.690185 -0.780564
1.58 -1.8925 0.713726 -0.780564
1.59 -1.88525 0.736602 -0.780564
1.6 -1.87786 0.741904 -2.46948
1.61 -1.87041 0.746513 -2.46948
1.62 -1.86293 0.750422 -2.46948
1.63 -1.85541 0.753626 -2.46948
1.64 -1.8477 0.788372 0.756197
1.65 -1.83964 0.822375 0.756197
1.66 -1.83125 0.8556 0.756197
1.67 -1.82253 0.888013 0.756197
1.68 -1.81349 0.919584 0.756197
1.69 -1.80414 0.950278 0.756197
1.7 -1.79449 0.980066 0.756197
1.71 -1.78455 1.00892 0.756197
1.72 -1.77432 1.0368 0.756197
1.73 -1.7637 1.08596 2.98382
1.74 -1.7526 1.13407 2.98382
1.75 -1.74102 1.18109 2.98382
1.76 -1.72898 1.22697 2.98382
1.77 -1.71649 1.27166 2.98382
1.78 -1.70355 1.31512 2.98382
1.79 -1.69019 1.35729 2.98382
1.8 -1.67641 1.39815 2.98382
1.81 -1.67641 1.39815 2.98382
1.82 -1.66223 1.4378 2.99983
1.83 -1.64766 1.47605 2.99983
1.84 -1.63272 1.51285 2.99983
1.85 -1.61741 1.54817 2.99983
1.86 -1.60176 1.58198 2.99983
1.87 -1.58577 1.61423 2.99983
1.88 -1.56948 1.6449 2.99983
1.89 -1.55288 1.67396 2.99983
1.9 -1.536 1.70137 2.99983
1.91 -1.51886 1.72712 2.99983
1.92 -1.50147 1.75118 2.99983
1.93 -1.48384 1.77352 2.99983
1.94 -1.466 1.79413 2.99983
1.95 -1.44797 1.81299 2.99983
1.96 -1.42975 1.83008 2.99983
1.97 -1.41137 1.8454 2.99983
1.98 -1.39285 1.85893 2.99983
1.99 -1.3742 1.87066 2.99983
2 -1.35544 1.8806 2.99983
2.01 -1.33659 1.88873 2.99983
2.02 -1.31768 1.89413 2.90617
2.03 -1.29871 1.89772 2.90617
2.04 -1.27973 1.89953 2.90617
2.05 -1.26073 1.89955 2.90617
2.06 -1.24174 1.89779 2.90617
2.07 -1.22278 1.89427 2.90617
2.08 -1.20399 1.86276 0.281001
2.09 -1.18553 1.82954 0.281001
2.1 -1.16741 1.79466 0.281001
2.11 -1.14964 1.75816 0.281001
2.12 -1.13225 1.72009 0.281001
2.13 -1.11525 1.68049 0.281001
2.14 -1.09865 1.6394 0.281001
2.15 -1.08246 1.59689 0.281001
2.16 -1.08253 1.58253 -1.15523
2.17 -1.067 1.52428 -1.15523
2.18 -1.05205 1.46473 -1.15523
2.19 -1.03771 1.40393 -1.15523
2.2 -1.02398 1.34194 -1.15523
2.21 -1.01087 1.27882 -1.15523
2.22 -0.998406 1.21465 -1.15523
2.23 -0.986585 1.14947 -1.15523
2.24 -0.97542 1.08335 -1.15523
2.25 -0.96488 1.02435 -0.355331
2.26 -0.954935 0.964522 -0.355331
2.27 -0.945593 0.903923 -0.355331
2.28 -0.936859 0.842605 -0.355331
2.29 -0.928743 0.780621 -0.355331
2.3 -0.921249 0.718023 -0.355331
2.31 -0.914384 0.654865 -0.355331
2.32 -0.908153 0.591197 -0.355331
2.33 -0.902562 0.527073 -0.355331
2.34 -0.897613 0.462542 -0.355331
2.35 -0.893312 0.397657 -0.355331
2.36 -0.889661 0.332467 -0.355331
2.37 -0.886664 0.267025 -0.355331
2.38 -0.884321 0.201379 -0.355331
2.39 -0.882636 0.13558 -0.355331
2.4 -0.88161 0.0696789 -0.355331
2.41 -0.881243 0.00372482 -0.355331
2.42 -0.881536 -0.0622321 -0.355331
2.43 -0.882488 -0.128142 -0.355331
2.44 -0.884169 -0.208142 -1.77427
2.45 -0.8866 -0.278039 -0.779587
2.46 -0.889729 -0.347724 -0.779587
2.47 -0.893554 -0.417145 -0.779587
2.48 -0.898071 -0.486246 -0.779587
2.49 -0.903277 -0.554974 -0.779587
2.5 -0.909169 -0.623275 -0.779587
2.51 -0.915741 -0.691093 -0.779587
2.52 -0.922989 -0.758374 -0.779587
2.53 -0.930907 -0.825061 -0.779587
2.54 -0.939488 -0.891099 -0.779587
2.55 -0.948726 -0.956432 -0.779587
2.56 -0.958614 -1.021 -0.779587
2.57 -0.969144 -1.08475 -0.779587
2.58 -0.980306 -1.14762 -0.779587
2.59 -0.992093 -1.20956 -0.779587
2.6 -1.0044 -1.25103 1.16788
2.61 -1.01724 -1.31835 -1.52091
2.62 -1.03076 -1.38458 -1.52091
2.63 -1.04493 -1.44963 -1.52091
2.64 -1.05975 -1.51346 -1.52091
2.65 -1.0752 -1.57599 -1.52091
2.66 -1.09126 -1.63716 -1.52091
2.67 -1.10794 -1.6969 -1.52091
2.68 -1.1252 -1.75516 -1.52091
2.69 -1.14303 -1.81186 -1.52091
2.7 -1.16143 -1.86695 -1.52091
2.71 -1.18037 -1.92035 -1.52091
2.72 -1.19983 -1.97202 -1.52091
2.73 -1.2198 -2.02188 -1.52091
2.74 -1.24026 -2.06987 -1.52091
2.75 -1.26119 -2.11595 -1.52091
2.76 -1.26119 -2.11595 -1.52091
2.77 -1.28257 -2.16005 -1.52091
2.78 -1.30439 -2.20212 -1.52091
2.79 -1.32661 -2.24211 -1.52091
2.8 -1.34908 -2.25145 1.33093
2.81 -1.37163 -2.25863 1.33093
2.82 -1.39424 -2.26364 1.33093
2.83 -1.4169 -2.26647 1.33093
2.84 -1.43957 -2.26709 1.33093
2.85 -1.46223 -2.26552 1.33093
2.86 -1.48487 -2.26173 1.33093
2.87 -1.50746 -2.25574 1.33093
2.88 -1.52998 -2.24753 1.33093
2.89 -1.5524 -2.23713 1.33093
2.9 -1.57471 -2.22453 1.33093
2.91 -1.59689 -2.20975 1.33093
2.92 -1.6189 -2.1928 1.33093
2.93 -1.64073 -2.1737 1.33093
2.94 -1.66237 -2.15248 1.33093
2.95 -1.68378 -2.12915 1.33093
2.96 -1.70503 -2.12132 -0.426521
2.97 -1.7263 -2.13203 -2.48733
2.98 -1.74766 -2.14068 -2.48733
2.99 -1.76911 -2.14726 -2.48733
3 -1.7906 -2.15177 -2.48733
3.01 -1.81213 -2.15423 -2.48733
3.02 -1.83368 -2.15463 -2.48733
3.03 -1.85522 -2.15299 -2.48733
3.04 -1.87673 -2.14933 -2.48733
3.05 -1.8982 -2.14365 -2.48733
3.06 -1.9196 -2.13598 -2.48733
3.07 -1.94091 -2.12635 -2.48733
3.08 -1.96212 -2.11477 -2.48733
3.09 -1.9832 -2.10127 -2.48733
3.1 -2.00414 -2.08589 -2.48733
3.11 -2.02491 -2.06864 -2.48733
3.12 -2.04551 -2.04958 -2.48733
3.13 -2.0659 -2.02872 -2.48733
3.14 -2.08607 -2.00612 -2.48733
3.15 -2.10602 -1.9818 -2.48733
3.16 -2.12566 -1.94582 -1.48808
3.17 -2.14493 -1.90822 -1.48808
3.18 -2.16381 -1.86904 -1.48808
3.19 -2.1823 -1.82834 -1.48808
3.2 -2.20038 -1.78618 -1.48808
3.21 -2.21802 -1.7426 -1.48808
3.22 -2.23522 -1.69766 -1.48808
3.23 -2.25197 -1.6514 -1.48808
3.24 -2.26825 -1.60389 -1.48808
3.25 -2.28404 -1.55517 -1.48808
3.26 -2.29935 -1.50529 -1.48808
3.27 -2.31415 -1.45432 -1.48808
3.28 -2.32843 -1.40229 -1.48808
3.29 -2.34219 -1.34927 -1.48808
3.3 -2.35541 -1.29529 -1.48808
3.31 -2.35541 -1.29529 -1.48808
3.32 -2.36809 -1.24042 -1.48808
3.33 -2.38022 -1.1847 -1.48808
3.34 -2.39178 -1.12817 -1.48808
3.35 -2.40278 -1.07089 -1.48808
3.36 -2.41304 -0.981863 1.61628
3.37 -2.42236 -0.881358 2.69997
3.38 -2.43067 -0.780284 2.69997
3.39 -2.43796 -0.67871 2.69997
3.4 -2.44424 -0.576705 2.69997
3.41 -2.4495 -0.474337 2.69997
3.42 -2.45373 -0.371671 2.69997
3.43 -2.45693 -0.268774 2.69997
3.44 -2.4591 -0.165711 2.69997
3.45 -2.46024 -0.0625446 2.69997
3.46 -2.46035 0.0406603 2.69997
3.47 -2.45943 0.14384 2.69997
3.48 -2.45748 0.246931 2.69997
3.49 -2.45449 0.349869 2.69997
3.5 -2.45048 0.452588 2.69997
3.51 -2.44547 0.548412 2.03857
3.52 -2.43951 0.643891 2.03857
3.53 -2.4326 0.738961 2.03857
3.54 -2.42473 0.833559 2.03857
3.55 -2.41593 0.927621 2.03857
3.56 -2.40618 1.02108 2.03857
3.57 -2.39551 1.11386 2.03857
3.58 -2.38391 1.20591 2.03857
3.59 -2.37139 1.29714 2.03857
3.6 -2.35797 1.38748 2.03857
3.61 -2.34371 1.46412 0.764393
3.62 -2.32869 1.53974 0.764393
3.63 -2.31292 1.61425 0.764393
3.64 -2.29641 1.6876 0.764393
3.65 -2.27917 1.75971 0.764393
3.66 -2.26122 1.83051 0.764393
3.67 -2.24257 1.89993 0.764393
3.68 -2.22323 1.96789 0.764393
3.69 -2.20321 2.03431 0.764393
3.7 -2.18254 2.09912 0.764393
3.71 -2.16124 2.16225 0.764393
3.72 -2.13931 2.22361 0.764393
3.73 -2.11677 2.28314 0.764393
3.74 -2.09365 2.34075 0.764393
3.75 -2.06996 2.39638 0.764393
3.76 -2.04573 2.44994 0.764393
3.77 -2.02097 2.50136 0.764393
3.78 -1.99571 2.55057 0.764393
3.79 -1.99565 2.56186 1.89349
3.8 -1.96974 2.62007 1.89349
3.81 -1.94326 2.67592 1.89349
3.82 -1.91623 2.72932 1.89349
3.83 -1.88874 2.76867 0.740307
3.84 -1.86087 2.80544 0.740307
3.85 -1.83264 2.83957 0.740307
3.86 -1.80408 2.87102 0.740307
3.87 -1.77523 2.89972 0.740307
3.88 -1.7461 2.92564 0.740307
3.89 -1.71672 2.94873 0.740307
3.9 -1.68713 2.96896 0.740307
3.91 -1.65735 2.9863 0.740307
3.92 -1.62742 3.00072 0.740307
3.93 -1.59735 3.01221 0.740307
3.94 -1.56718 3.02073 0.740307
3.95 -1.53694 3.0263 0.740307
3.96 -1.50667 3.0289 0.740307
3.97 -1.47638 3.02853 0.740307
3.98 -1.44611 3.02521 0.740307
3.99 -1.41588 3.01894 0.740307
4 -1.38574 3.00975 0.740307
4.01 -1.3557 2.99766 0.740307
4.02 -1.32579 2.98269 0.740307
4.03 -1.29615 2.94592 -1.1565
4.04 -1.26688 2.90637 -1.1565
4.05 -1.23803 2.8641 -1.1565
4.06 -1.20961 2.81917 -1.1565
4.07 -1.18165 2.77166 -1.1565
4.08 -1.15419 2.72163 -1.1565
4.09 -1.12723 2.66916 -1.1565
4.1 -1.10081 2.61432 -1.1565
4.11 -1.07495 2.5572 -1.1565
4.12 -1.04967 2.49787 -1.1565
4.13 -1.025 2.43642 -1.1565
4.14 -1.00095 2.37292 -1.1565
4.15 -0.977549 2.30747 -1.1565
4.16 -0.954809 2.24013 -1.1565
4.17 -0.932752 2.17101 -1.1565
4.18 -0.911291 2.12097 0.923423
4.19 -0.890338 2.06928 0.923423
4.2 -0.869911 2.01602 0.923423
4.21 -0.850023 1.96124 0.923423
4.22 -0.83069 1.90502 0.923423
4.23 -0.811927 1.84742 0.923423
4.24 -0.793746 1.78851 0.923423
4.25 -0.776161 1.72834 0.923423
4.26 -0.759184 1.66699 0.923423
4.27 -0.742825 1.60451 0.923423
4.28 -0.727097 1.54096 0.923423
4.29 -0.712009 1.47641 0.923423
4.3 -0.697572 1.41092 0.923423
4.31 -0.683794 1.34453 0.923423
4.32 -0.670684 1.27731 0.923423
4.33 -0.65825 1.20932 0.923423
4.34 -0.6465 1.14059 0.923423
4.35 -0.635441 1.07119 0.923423
4.36 -0.625243 0.968205 -2.37367
4.37 -0.616078 0.86466 -2.37367
4.38 -0.607952 0.760625 -2.37367
4.39 -0.600867 0.656163 -2.37367
4.4 -0.59483 0.551337 -2.37367
4.41 -0.589842 0.446208 -2.37367
4.42 -0.585906 0.340836 -2.37367
4.43 -0.583026 0.235278 -2.37367
4.44 -0.581201 0.129594 -2.37367
4.45 -0.580434 0.0238394 -2.37367
4.46 -0.580724 -0.0819279 -2.37367
4.47 -0.582072 -0.187651 -2.37367
4.48 -0.584477 -0.293273 -2.37367
4.49 -0.587937 -0.398736 -2.37367
4.5 -0.592451 -0.503982 -2.37367
4.51 -0.598016 -0.608952 -2.37367
4.52 -0.604629 -0.713585 -2.37367
4.53 -0.612286 -0.817821 -2.37367
4.54 -0.620984 -0.921595 -2.37367
4.55 -0.630716 -1.02484 -2.37367
4.56 -0.64149 -1.12974 -2.59778
4.57 -0.653309 -1.23397 -2.59778
4.58 -0.666167 -1.33747 -2.59778
4.59 -0.680046 -1.43821 -2.40303
4.6 -0.694928 -1.53806 -2.40303
4.61 -0.710804 -1.63694 -2.40303
4.62 -0.727663 -1.73478 -2.40303
4.63 -0.745496 -1.83148 -2.40303
4.64 -0.764289 -1.92697 -2.40303
4.65 -0.784031 -2.02114 -2.40303
4.66 -0.804707 -2.11392 -2.40303
4.67 -0.826304 -2.2052 -2.40303
4.68 -0.848806 -2.29489 -2.40303
4.69 -0.872196 -2.38289 -2.40303
4.7 -0.896458 -2.46911 -2.40303
4.71 -0.921572 -2.55342 -2.40303
4.72 -0.94752 -2.63575 -2.40303
4.73 -0.97428 -2.71597 -2.40303
4.74 -1.00183 -2.79399 -2.40303
4.75 -1.00174 -2.7752 -0.523598
4.76 -1.02978 -2.83213 -0.523598
4.77 -1.05837 -2.88669 -0.523598
4.78 -1.0875 -2.93877 -0.523598
4.79 -1.11714 -2.98831 -0.523598
4.8 -1.14726 -3.0352 -0.523598
4.81 -1.17783 -3.07939 -0.523598
4.82 -1.20884 -3.12078 -0.523598
4.83 -1.24024 -3.15931 -0.523598
4.84 -1.27201 -3.19491 -0.523598
4.85 -1.30413 -3.22752 -0.523598
4.86 -1.33651 -3.24779 0.404074
4.87 -1.36907 -3.26497 0.404074
4.88 -1.4018 -3.27901 0.404074
4.89 -1.43464 -3.28988 0.404074
4.9 -1.46758 -3.29755 0.404074
4.91 -1.50058 -3.302 0.404074
4.92 -1.53361 -3.30323 0.404074
4.93 -1.56664 -3.30122 0.404074
4.94 -1.59963 -3.29596 0.404074
4.95 -1.63255 -3.28748 0.404074
4.96 -1.66537 -3.27578 0.404074
4.97 -1.69805 -3.26088 0.404074
4.98 -1.73057 -3.24281 0.404074
4.99 -1.76287 -3.21589 0.974629
5 -1.79488 -3.18588 0.974629
5.01 -1.82673 -3.18343 -2.08743
5.02 -1.85854 -3.17797 -2.08743
5.03 -1.89028 -3.16952 -2.08743
5.04 -1.92192 -3.15811 -2.08743
5.05 -1.95343 -3.1438 -2.08743
5.06 -1.98479 -3.12662 -2.08743
5.07 -2.01595 -3.10664 -2.08743
5.08 -2.04691 -3.08391 -2.08743
5.09 -2.07762 -3.05848 -2.08743
5.1 -2.10807 -3.03044 -2.08743
5.11 -2.13822 -2.99984 -2.08743
5.12 -2.16806 -2.96676 -2.08743
5.13 -2.19755 -2.93128 -2.08743
5.14 -2.22668 -2.89346 -2.08743
5.15 -2.25541 -2.8534 -2.08743
5.16 -2.28374 -2.81117 -2.08743
5.17 -2.31163 -2.76685 -2.08743
5.18 -2.33907 -2.72053 -2.08743
5.19 -2.36603 -2.67229 -2.08743
5.2 -2.39248 -2.61749 -1.61567
5.21 -2.41838 -2.56095 -1.61567
5.22 -2.4437 -2.50275 -1.61567
5.23 -2.46843 -2.44297 -1.61567
5.24 -2.49255 -2.38169 -1.61567
5.25 -2.51606 -2.319 -1.61567
5.26 -2.53893 -2.25498 -1.61567
5.27 -2.56115 -2.18971 -1.61567
5.28 -2.5825 -2.08072 2.63769
5.29 -2.60276 -1.97066 2.63769
5.3 -2.62191 -1.8596 2.63769
5.31 -2.63995 -1.74763 2.63769
5.32 -2.65686 -1.63484 2.63769
5.33 -2.67265 -1.52131 2.63769
5.34 -2.68729 -1.40709 2.63769
5.35 -2.70079 -1.29228 2.63769
5.36 -2.71313 -1.17692 2.63769
5.37 -2.72432 -1.06108 2.63769
5.38 -2.73436 -0.946173 2.50198
5.39 -2.74324 -0.8309 2.50198
5.4 -2.75098 -0.715311 2.50198
5.41 -2.75755 -0.599455 2.50198
5.42 -2.76296 -0.483379 2.50198
5.43 -2.76722 -0.367127 2.50198
5.44 -2.77031 -0.250743 2.50198
5.45 -2.77223 -0.13427 2.50198
5.46 -2.77299 -0.0177493 2.50198
5.47 -2.77259 0.0987777 2.50198
5.48 -2.77102 0.21527 2.50198
5.49 -2.76828 0.331685 2.50198
5.5 -2.76438 0.447982 2.50198
5.51 -2.75932 0.564117 2.50198
5.52 -2.7531 0.680045 2.50198
5.53 -2.74572 0.79572 2.50198
5.54 -2.73719 0.911094 2.50198
5.55 -2.7275 1.02612 2.50198
5.56 -2.71667 1.14073 2.50198
5.57 -2.70479 1.23393 0.406141
5.58 -2.69199 1.32662 0.406141
5.59 -2.67826 1.41894 0.426333
5.6 -2.66361 1.51064 0.426333
5.61 -2.64805 1.60166 0.426333
5.62 -2.63158 1.69193 0.426333
5.63 -2.61422 1.78139 0.426333
5.64 -2.59596 1.86998 0.426333
5.65 -2.57682 1.95761 0.426333
5.66 -2.55681 2.04421 0.426333
5.67 -2.53594 2.1297 0.426333
5.68 -2.51422 2.21401 0.426333
5.69 -2.49166 2.29704 0.426333
5.7 -2.46828 2.37871 0.426333
5.71 -2.44409 2.45892 0.426333
5.72 -2.41911 2.53758 0.426333
5.73 -2.39331 2.6217 1.13753
5.74 -2.36668 2.70408 1.13753
5.75 -2.33924 2.7846 1.13753
5.76 -2.311 2.86316 1.13753
5.77 -2.28198 2.93964 1.13753
5.78 -2.25221 3.01394 1.13753
5.79 -2.22171 3.08594 1.13753
5.8 -2.1905 3.15553 1.13753
5.81 -2.15861 3.2226 1.13753
5.82 -2.12606 3.28704 1.13753
5.83 -2.09287 3.34875 1.13753
5.84 -2.05909 3.4076 1.13753
5.85 -2.02473 3.4635 1.13753
5.86 -1.98984 3.51544 1.04679
5.87 -1.95443 3.56424 1.04679
5.88 -1.91856 3.60979 1.04679
5.89 -1.88225 3.65201 1.04679
5.9 -1.84553 3.69082 1.04679
5.91 -1.80844 3.72615 1.04679
5.92 -1.77102 3.75793 1.04679
5.93 -1.7333 3.78609 1.04679
5.94 -1.69531 3.81059 1.04679
5.95 -1.6571 3.83138 1.04679
5.96 -1.6187 3.84842 1.04679
5.97 -1.58014 3.8617 1.04679
5.98 -1.54148 3.87119 1.04679
5.99 -1.50273 3.87688 1.04679
6 -1.46395 3.87878 1.04679
6.01 -1.42517 3.8769 1.04679
6.02 -1.38642 3.87126 1.04679
6.03 -1.34776 3.86188 1.04679
6.04 -1.30934 3.82146 -1.68868
6.05 -1.27134 3.77742 -1.68868
6.06 -1.2338 3.72983 -1.68868
6.07 -1.19675 3.6788 -1.68868
6.08 -1.16024 3.6244 -1.68868
6.09 -1.12428 3.56675 -1.68868
6.1 -1.08891 3.50594 -1.68868
6.11 -1.05417 3.44208 -1.68868
6.12 -1.02008 3.37529 -1.68868
6.13 -0.986672 3.30568 -1.68868
6.14 -0.953974 3.23336 -1.68868
6.15 -0.921789 3.2033 2.79636
6.16 -0.889914 3.17123 2.84597
6.17 -0.858372 3.13674 2.84597
6.18 -0.827187 3.09993 2.84597
6.19 -0.796381 3.06087 2.84597
6.2 -0.765977 3.01967 2.84597
6.21 -0.735995 2.97642 2.84597
6.22 -0.706455 2.93121 2.84597
6.23 -0.677377 2.88413 2.84597
6.24 -0.648778 2.83528 2.84597
6.25 -0.620677 2.78474 2.84597
6.26 -0.593089 2.73262 2.84597
6.27 -0.566029 2.679 2.84597
6.28 -0.539513 2.62397 2.84597
6.29 -0.513554 2.56762 2.84597
6.3 -0.488165 2.51003 2.84597
6.31 -0.463358 2.45128 2.84597
6.32 -0.439403 2.33948 -2.35275
6.33 -0.416571 2.22669 -2.35275
6.34 -0.394872 2.11303 -2.35275
6.35 -0.374313 1.99857 -2.35275
6.36 -0.354903 1.88338 -2.35275
6.37 -0.336648 1.76756 -2.35275
6.38 -0.319554 1.65117 -2.35275
6.39 -0.303626 1.53426 -2.35275
6.4 -0.28887 1.4169 -2.35275
6.41 -0.27529 1.29915 -2.35275
6.42 -0.262888 1.18105 -2.35275
6.43 -0.251669 1.06265 -2.35275
6.44 -0.241641 0.94298 -2.4538
6.45 -0.232811 0.823088 -2.4538
6.46 -0.22518 0.703009 -2.4538
6.47 -0.218751 0.582776 -2.4538
6.48 -0.213525 0.462418 -2.4538
6.49 -0.209503 0.341964 -2.4538
6.5 -0.206686 0.221441 -2.4538
6.51 -0.205074 0.100873 -2.4538
6.52 -0.204668 -0.0197158 -2.4538
6.53 -0.205469 -0.1403 -2.4538
6.54 -0.207474 -0.260857 -2.4538
6.55 -0.210686 -0.38136 -2.4538
6.56 -0.215101 -0.501785 -2.4538
6.57 -0.220721 -0.622105 -2.4538
6.58 -0.227543 -0.742292 -2.4538
6.59 -0.235566 -0.862313 -2.4538
6.6 -0.244789 -0.982138 -2.4538
6.61 -0.255135 -1.08708 -0.988892
6.62 -0.266529 -1.19175 -0.988892
6.63 -0.278969 -1.29612 -0.988892
6.64 -0.29245 -1.40013 -0.988892
6.65 -0.30697 -1.50375 -0.988892
6.66 -0.322524 -1.60692 -0.988892
6.67 -0.339186 -1.72534 -2.56421
6.68 -0.357029 -1.8432 -2.56421
6.69 -0.376048 -1.96043 -2.56421
6.7 -0.396235 -2.07695 -2.56421
6.71 -0.417584 -2.19269 -2.56421
6.72 -0.440086 -2.30755 -2.56421
6.73 -0.463732 -2.42144 -2.56421
6.74 -0.488511 -2.53428 -2.56421
6.75 -0.514413 -2.64594 -2.56421
6.76 -0.541426 -2.75633 -2.56421
6.77 -0.569535 -2.86533 -2.56421
6.78 -0.598727 -2.9728 -2.56421
6.79 -0.628986 -3.07864 -2.56421
6.8 -0.660294 -3.1827 -2.56421
6.81 -0.692608 -3.27981 -2.06185
6.82 -0.725884 -3.37488 -2.06185
6.83 -0.760099 -3.46774 -2.06185
6.84 -0.795231 -3.55826 -2.06185
6.85 -0.831256 -3.64629 -2.06185
6.86 -0.868148 -3.73168 -2.06185
6.87 -0.90588 -3.81427 -2.06185
6.88 -0.944423 -3.89392 -2.06185
6.89 -0.983748 -3.97047 -2.06185
6.9 -1.02382 -4.04379 -2.06185
6.91 -1.06461 -4.11371 -2.06185
6.92 -1.10608 -4.1801 -2.06185
6.93 -1.1482 -4.24283 -2.06185
6.94 -1.19093 -4.30176 -2.06185
6.95 -1.23422 -4.35678 -2.06185
6.96 -1.27805 -4.40776 -2.06185
6.97 -1.32222 -4.42638 0.760567
6.98 -1.36656 -4.4408 0.760567
6.99 -1.41103 -4.45095 0.760567
7 -1.45557 -4.45679 0.760567
7.01 -1.50015 -4.45828 0.760567
7.02 -1.54472 -4.45542 0.760567
7.03 -1.58924 -4.44819 0.760567
7.04 -1.63367 -4.43659 0.760567
7.05 -1.67796 -4.42066 0.760567
7.06 -1.72221 -4.42936 -2.13506
7.07 -1.76653 -4.43377 -2.13506
7.08 -1.81087 -4.43392 -2.13506
7.09 -1.8552 -4.42984 -2.13506
7.1 -1.89946 -4.42159 -2.13506
7.11 -1.94361 -4.40923 -2.13506
7.12 -1.98763 -4.39285 -2.13506
7.13 -2.03146 -4.37253 -2.13506
7.14 -2.03146 -4.37253 -2.13506
7.15 -2.07507 -4.34837 -2.13506
7.16 -2.11841 -4.32047 -2.13506
7.17 -2.16146 -4.28896 -2.13506
7.18 -2.20418 -4.25395 -2.13506
7.19 -2.24653 -4.21558 -2.13506
7.2 -2.28848 -4.17398 -2.13506
7.21 -2.33 -4.1293 -2.13506
7.22 -2.37106 -4.08168 -2.13506
7.23 -2.41162 -4.03127 -2.13506
7.24 -2.45167 -3.97822 -2.13506
7.25 -2.49118 -3.92269 -2.13506
7.26 -2.53012 -3.86483 -2.13506
7.27 -2.5685 -3.81101 -2.75666
7.28 -2.60633 -3.75516 -2.75666
7.29 -2.6436 -3.69743 -2.75666
7.3 -2.68028 -3.63797 -2.75666
7.31 -2.71635 -3.57692 -2.75666
7.32 -2.75181 -3.51443 -2.75666
7.33 -2.78664 -3.45062 -2.75666
7.34 -2.82082 -3.38563 -2.75666
7.35 -2.85435 -3.3196 -2.75666
7.36 -2.88721 -3.25265 -2.75666
7.37 -2.9194 -3.18489 -2.75666
7.38 -2.9509 -3.11644 -2.75666
7.39 -2.95081 -3.09713 -0.825674
7.4 -2.98134 -3.0088 -0.825674
7.41 -3.01098 -2.91999 -0.825674
7.42 -3.03974 -2.83081 -0.825674
7.43 -3.0676 -2.74135 -0.825674
7.44 -3.09456 -2.65169 -0.825674
7.45 -3.12063 -2.56191 -0.825674
7.46 -3.1458 -2.47207 -0.825674
7.47 -3.17007 -2.38224 -0.825674
7.48 -3.19344 -2.29248 -0.825674
7.49 -3.21592 -2.20284 -0.825674
7.5 -3.2375 -2.11335 -0.825674
7.51 -3.25819 -2.02406 -0.825674
7.52 -3.27798 -1.93501 -0.825674
7.53 -3.29689 -1.84621 -0.825674
7.54 -3.31491 -1.75769 -0.825674
7.55 -3.33188 -1.63643 2.47762
7.56 -3.34764 -1.51548 2.47762
7.57 -3.36219 -1.39483 2.47762
7.58 -3.37554 -1.27448 2.47762
7.59 -3.38768 -1.15442 2.47762
7.6 -3.39878 -1.06554 -0.613315
7.61 -3.40902 -0.982106 -1.13071
7.62 -3.41842 -0.898925 -1.13071
7.63 -3.427 -0.815985 -1.13071
7.64 -3.43474 -0.73327 -1.13071
7.65 -3.44166 -0.650763 -1.13071
7.66 -3.44776 -0.568445 -1.13071
7.67 -3.45303 -0.486295 -1.13071
7.68 -3.45749 -0.40429 -1.13071
7.69 -3.46112 -0.322409 -1.13071
7.7 -3.46393 -0.240627 -1.13071
7.71 -3.46593 -0.15892 -1.13071
7.72 -3.46711 -0.0772629 -1.13071
7.73 -3.46748 0.00437036 -1.13071
7.74 -3.46703 0.086005 -1.13071
7.75 -3.46576 0.167667 -1.13071
7.76 -3.46367 0.24938 -1.13071
7.77 -3.46077 0.331172 -1.13071
7.78 -3.45689 0.443841 1.94674
7.79 -3.45189 0.556645 1.94674
7.8 -3.44576 0.669616 1.94674
7.81 -3.4385 0.782783 1.94674
7.82 -3.4301 0.896175 1.94674
7.83 -3.42057 1.00982 1.94674
7.84 -3.40991 1.12373 1.94674
7.85 -3.3981 1.23794 1.94674
7.86 -3.38515 1.35245 1.94674
7.87 -3.37105 1.46728 1.94674
7.88 -3.3558 1.58245 1.94674
7.89 -3.3394 1.69794 1.94674
7.9 -3.32184 1.81375 1.94674
7.91 -3.30311 1.93272 2.23037
7.92 -3.28319 2.052 2.23037
7.93 -3.26207 2.17156 2.23037
7.94 -3.23975 2.29137 2.23037
7.95 -3.21624 2.41141 2.23037
7.96 -3.19152 2.53162 2.23037
7.97 -3.16561 2.65195 2.23037
7.98 -3.13849 2.77235 2.23037
7.99 -3.11016 2.89273 2.23037
8 -3.08063 3.01303 2.23037
8.01 -3.0499 3.13315 2.23037
8.02 -3.01797 3.25298 2.23037
8.03 -2.98484 3.37242 2.23037
8.04 -2.95052 3.49134 2.23037
8.05 -2.91502 3.60961 2.23037
8.06 -2.87833 3.72708 2.23037
8.07 -2.84048 3.8436 2.23037
8.08 -2.80146 3.959 2.23037
8.09 -2.7613 4.07311 2.23037
8.1 -2.72007 4.17297 0.954284
8.11 -2.67785 4.27115 0.954284
8.12 -2.63465 4.36746 0.954284
8.13 -2.59051 4.4617 0.954284
8.14 -2.54543 4.55363 0.954284
8.15 -2.49944 4.64306 0.954284
8.16 -2.45258 4.72976 0.954284
8.17 -2.40486 4.81352 0.954284
8.18 -2.35632 4.89409 0.954284
8.19 -2.30699 4.97128 0.954284
8.2 -2.2569 5.04485 0.954284
8.21 -2.2061 5.11459 0.954284
8.22 -2.15462 5.1803 0.954284
8.23 -2.10251 5.24176 0.954284
8.24 -2.0498 5.2988 0.954284
8.25 -1.99661 5.33863 -0.305108
8.26 -1.94305 5.37369 -0.305108
8.27 -1.88916 5.40384 -0.305108
8.28 -1.83499 5.42896 -0.305108
8.29 -1.78059 5.44894 -0.305108
8.3 -1.72603 5.46369 -0.305108
8.31 -1.67134 5.47315 -0.305108
8.32 -1.61658 5.47727 -0.305108
8.33 -1.56181 5.47602 -0.305108
8.34 -1.50708 5.46941 -0.305108
8.35 -1.45244 5.45744 -0.305108
8.36 -1.39795 5.44015 -0.305108
8.37 -1.34365 5.41761 -0.305108
8.38 -1.28961 5.3899 -0.305108
8.39 -1.28961 5.3899 -0.305108
8.4 -1.23587 5.3571 -0.305108
8.41 -1.18249 5.31935 -0.305108
8.42 -1.12934 5.30978 2.99683
8.43 -1.07631 5.2955 2.99683
8.44 -1.02344 5.27665 2.99683
8.45 -0.970788 5.25338 2.99683
8.46 -0.918389 5.22586 2.99683
8.47 -0.866285 5.19427 2.99683
8.48 -0.814537 5.15461 2.57884
8.49 -0.763205 5.11128 2.57884
8.5 -0.712323 5.06448 2.57884
8.51 -0.661926 5.01444 2.57884
8.52 -0.612045 4.96137 2.57884
8.53 -0.562708 4.9055 2.57884
8.54 -0.513943 4.84707 2.57884
8.55 -0.465774 4.7863 2.57884
8.56 -0.418224 4.72343 2.57884
8.57 -0.371312 4.65867 2.57884
8.58 -0.325056 4.59225 2.57884
8.59 -0.325056 4.59225 2.57884
8.6 -0.279472 4.52439 2.57884
8.61 -0.234573 4.45531 2.57884
8.62 -0.190369 4.38521 2.57884
8.63 -0.146871 4.31429 2.57884
8.64 -0.104157 4.22852 1.15509
8.65 -0.0623021 4.14232 1.15509
8.66 -0.021311 4.05586 1.15509
8.67 0.0188149 3.96932 1.15509
8.68 0.0580756 3.88285 1.15509
8.69 0.0964726 3.7966 1.15509
8.7 0.134009 3.71071 1.15509
8.71 0.170688 3.6253 1.15509
8.72 0.206517 3.5405 1.15509
8.73 0.241501 3.45641 1.15509
8.74 0.275648 3.37313 1.15509
8.75 0.308966 3.29075 1.15509
8.76 0.341466 3.20934 1.15509
8.77 0.37319 3.13557 1.81227
8.78 0.404181 3.06292 1.81227
8.79 0.434452 2.99144 1.81227
8.8 0.464014 2.9212 1.81227
8.81 0.49288 2.85225 1.81227
8.82 0.521063 2.78462 1.81227
8.83 0.548577 2.71834 1.81227
8.84 0.575435 2.65346 1.81227
8.85 0.601651 2.58999 1.81227
8.86 0.62724 2.52796 1.81227
8.87 0.652215 2.46739 1.81227
8.88 0.676592 2.40828 1.81227
8.89 0.700386 2.35066 1.81227
8.9 0.72361 2.29452 1.81227
8.91 0.746281 2.23987 1.81227
8.92 0.768413 2.18671 1.81227
8.93 0.79002 2.13504 1.81227
8.94 0.810963 2.0538 -1.29339
8.95 0.831101 1.97402 -1.29339
8.96 0.850448 1.89567 -1.29339
8.97 0.869019 1.81872 -1.29339
8.98 0.886827 1.74313 -1.29339
8.99 0.903886 1.66887 -1.29339
9 0.920209 1.59589 -1.29339
9.01 0.935808 1.52416 -1.29339
9.02 0.950696 1.45363 -1.29339
9.03 0.964885 1.38426 -1.29339
9.04 0.978385 1.31601 -1.29339
9.05 0.991208 1.24882 -1.29339
9.06 1.00337 1.18267 -1.29339
9.07 1.01487 1.11749 -1.29339
9.08 1.02582 1.07419 0.800998
9.09 1.03635 1.03179 0.800998
9.1 1.04646 0.990263 0.800998
9.11 1.05616 0.949576 0.800998
9.12 1.06546 0.909699 0.800998
9.13 1.07436 0.870604 0.800998
9.14 1.08287 0.83226 0.800998
9.15 1.091 0.794636 0.800998
9.16 1.09877 0.757705 0.800998
9.17 1.10616 0.721435 0.800998
9.18 1.1132 0.685798 0.800998
9.19 1.11988 0.650765 0.800998
9.2 1.12621 0.616306 0.800998
9.21 1.13206 0.554133 -2.02467
9.22 1.1373 0.492451 -2.02467
9.23 1.14192 0.431208 -2.02467
9.24 1.14592 0.370349 -2.02467
9.25 1.14932 0.309822 -2.02467
9.26 1.15212 0.249571 -2.02467
9.27 1.15432 0.189545 -2.02467
9.28 1.15591 0.129688 -2.02467
9.29 1.15691 0.0699485 -2.02467
9.3 1.15731 0.0102713 -2.02467
9.31 1.15733 -0.00597361 2.31698
9.32 1.15719 -0.0222239 2.31698
9.33 1.15685 -0.045898 1.5767
9.34 1.15627 -0.0696134 1.5767
9.35 1.15546 -0.0933913 1.5767
9.36 1.15441 -0.117253 1.5767
9.37 1.15311 -0.14122 1.5767
9.38 1.15158 -0.165314 1.5767
9.39 1.14981 -0.189555 1.5767
9.4 1.14779 -0.213967 1.5767
9.41 1.14553 -0.23857 1.5767
9.42 1.14302 -0.263386 1.5767
9.43 1.14026 -0.288437 1.5767
9.44 1.13725 -0.313745 1.5767
9.45 1.13398 -0.339333 1.5767
9.46 1.13046 -0.365222 1.5767
9.47 1.12668 -0.391435 1.5767
9.48 1.12263 -0.417995 1.5767
9.49 1.11832 -0.444925 1.5767
9.5 1.11354 -0.510205 -2.21851
9.51 1.10811 -0.575934 -2.21851
9.52 1.10202 -0.642169 -2.21851
9.53 1.09526 -0.708965 -2.21851
9.54 1.08784 -0.77638 -2.21851
9.55 1.07973 -0.84447 -2.21851
9.56 1.07095 -0.91329 -2.21851
9.57 1.06147 -0.982896 -2.21851
9.58 1.05129 -1.05334 -2.21851
9.59 1.0404 -1.12469 -2.21851
9.6 1.02879 -1.19699 -2.21851
9.61 1.01654 -1.25264 -0.453751
9.62 1.00362 -1.33122 -2.64234
9.63 0.989913 -1.41091 -2.64234
9.64 0.975401 -1.49176 -2.64234
9.65 0.960074 -1.57381 -2.64234
9.66 0.94392 -1.65713 -2.64234
9.67 0.926927 -1.74177 -2.64234
9.68 0.90908 -1.82778 -2.64234
9.69 0.890367 -1.91519 -2.64234
9.7 0.870772 -2.00407 -2.64234
9.71 0.85028 -2.09445 -2.64234
9.72 0.828888 -2.18427 -2.43132
9.73 0.80659 -2.27566 -2.43132
9.74 0.783369 -2.36867 -2.43132
9.75 0.759211 -2.46331 -2.43132
9.76 0.734098 -2.55962 -2.43132
9.77 0.708013 -2.65761 -2.43132
9.78 0.68094 -2.7573 -2.43132
9.79 0.652861 -2.85868 -2.43132
9.8 0.652922 -2.8466 -1.22349
9.81 0.624002 -2.93761 -1.22349
9.82 0.594164 -3.03029 -1.22349
9.83 0.563391 -3.12464 -1.22349
9.84 0.531666 -3.22063 -1.22349
9.85 0.498973 -3.31822 -1.22349
9.86 0.465296 -3.41736 -1.22349
9.87 0.430621 -3.51801 -1.22349
9.88 0.394931 -3.6201 -1.22349
9.89 0.358214 -3.72355 -1.22349
9.9 0.320456 -3.82828 -1.22349
9.91 0.281644 -3.9342 -1.22349
9.92 0.241768 -4.04118 -1.22349
9.93 0.200818 -4.14912 -1.22349
9.94 0.158783 -4.25786 -1.22349
9.95 0.115658 -4.36727 -1.22349
9.96 0.0714364 -4.47716 -1.22349
9.97 0.0261139 -4.58737 -1.22349
9.98 -0.0202086 -4.67714 0.832532
9.99 -0.0674285 -4.76681 0.832532
10 -0.115544 -4.85616 0.832532
10.01 -0.16455 -4.94497 0.832532
10.02 -0.214441 -5.03298 0.832532
10.03 -0.265206 -5.11994 0.832532
10.04 -0.316835 -5.20558 0.832532
10.05 -0.369312 -5.28963 0.832532
10.06 -0.369312 -5.28963 0.832532
10.07 -0.422621 -5.37181 0.832532
10.08 -0.476741 -5.45182 0.832532
10.09 -0.531649 -5.52938 0.832532
10.1 -0.587415 -5.6232 -1.06863
10.11 -0.644103 -5.71396 -1.06863
10.12 -0.701683 -5.80136 -1.06863
10.13 -0.760118 -5.88508 -1.06863
10.14 -0.819371 -5.96483 -1.06863
10.15 -0.8794 -6.0403 -1.06863
10.16 -0.940162 -6.1112 -1.06863
10.17 -1.00161 -6.17727 -1.06863
10.18 -1.06369 -6.23823 -1.06863
10.19 -1.12636 -6.29385 -1.06863
10.2 -1.18955 -6.34389 -1.06863
10.21 -1.25321 -6.38816 -1.06863
10.22 -1.31729 -6.42648 -1.06863
10.23 -1.38162 -6.43746 1.05489
10.24 -1.44602 -6.44225 1.05489
10.25 -1.51044 -6.44077 1.05489
10.26 -1.57481 -6.43298 1.05489
10.27 -1.63908 -6.41888 1.05489
10.28 -1.70317 -6.39851 1.05489
10.29 -1.76703 -6.37191 1.05489
10.3 -1.83078 -6.37712 -2.73838
10.31 -1.89455 -6.37628 -2.73838
10.32 -1.95829 -6.36951 -2.73838
10.33 -2.02192 -6.35696 -2.73838
10.34 -2.08541 -6.3388 -2.73838
10.35 -2.14868 -6.31523 -2.73838
10.36 -2.21169 -6.28647 -2.73838
10.37 -2.27439 -6.25277 -2.73838
10.38 -2.33673 -6.2144 -2.73838
10.39 -2.39867 -6.17163 -2.73838
10.4 -2.46015 -6.12477 -2.73838
10.41 -2.52115 -6.07412 -2.73838
10.42 -2.58162 -6.02001 -2.73838
10.43 -2.64154 -5.96277 -2.73838
10.44 -2.70087 -5.90271 -2.73838
10.45 -2.75959 -5.84019 -2.73838
10.46 -2.81767 -5.77554 -2.73838
10.47 -2.87509 -5.70907 -2.73838
10.48 -2.93184 -5.64114 -2.73838
10.49 -2.98788 -5.56668 -2.20106
10.5 -3.04317 -5.49138 -2.20106
10.51 -3.09772 -5.4179 -2.4359
10.52 -3.15153 -5.34418 -2.4359
10.53 -3.2046 -5.27052 -2.4359
10.54 -3.25694 -5.19718 -2.4359
10.55 -3.30855 -5.12442 -2.4359
10.56 -3.35943 -5.0525 -2.4359
10.57 -3.4096 -4.98165 -2.4359
10.58 -3.45882 -4.86307 2.46704
10.59 -3.50687 -4.74596 2.46704
10.6 -3.55375 -4.63052 2.46704
10.61 -3.59949 -4.5169 2.46704
10.62 -3.64409 -4.40524 2.46704
10.63 -3.6876 -4.29565 2.46704
10.64 -3.73001 -4.18826 2.46704
10.65 -3.77137 -4.08314 2.46704
10.66 -3.81169 -3.98038 2.46704
10.67 -3.85099 -3.88004 2.46704
10.68 -3.88929 -3.78219 2.46704
10.69 -3.92664 -3.68685 2.46704
10.7 -3.96304 -3.59407 2.46704
10.71 -3.99853 -3.50387 2.46704
10.72 -4.03313 -3.41627 2.46704
10.73 -4.06686 -3.33128 2.46704
10.74 -4.09976 -3.24889 2.46704
10.75 -4.13199 -3.19671 -0.291495
10.76 -4.1637 -3.14714 -0.291495
10.77 -4.19494 -3.10021 -0.291495
10.78 -4.22572 -3.05592 -0.291495
10.79 -4.25606 -3.01428 -0.291495
10.8 -4.28601 -2.97529 -0.291495
10.81 -4.31558 -2.93897 -0.291495
10.82 -4.3448 -2.9053 -0.291495
10.83 -4.37369 -2.87429 -0.291495
10.84 -4.37369 -2.87429 -0.291495
10.85 -4.40229 -2.84594 -0.291495
10.86 -4.43062 -2.82025 -0.291495
10.87 -4.45862 -2.78015 1.41434
10.88 -4.48623 -2.7427 1.41434
10.89 -4.51348 -2.70787 1.41434
10.9 -4.5404 -2.67564 1.41434
10.91 -4.56701 -2.64599 1.41434
10.92 -4.59333 -2.61892 1.41434
10.93 -4.61939 -2.5944 1.41434
10.94 -4.64522 -2.57241 1.41434
10.95 -4.67098 -2.57943 -1.23429
10.96 -4.69682 -2.58898 -1.23429
10.97 -4.72277 -2.60106 -1.23429
10.98 -4.74885 -2.6157 -1.23429
10.99 -4.77509 -2.63291 -1.23429
11 -4.80152 -2.65269 -1.23429
11.01 -4.82815 -2.67506 -1.23429
11.02 -4.85503 -2.70004 -1.23429
11.03 -4.88216 -2.72764 -1.23429
11.04 -4.90959 -2.75788 -1.23429
11.05 -4.93733 -2.79077 -1.23429
11.06 -4.96528 -2.79994 1.40464
11.07 -4.99349 -2.84144 -1.56221
11.08 -5.02212 -2.88562 -1.56221
11.09 -5.05121 -2.93249 -1.56221
11.1 -5.08078 -2.98208 -1.56221
11.11 -5.11086 -3.0344 -1.56221
11.12 -5.14148 -3.08946 -1.56221
11.13 -5.17266 -3.14727 -1.56221
11.14 -5.20428 -3.1776 1.4627
11.15 -5.23622 -3.21068 1.4627
11.16 -5.2685 -3.24648 1.4627
11.17 -5.30116 -3.28499 1.4627
11.18 -5.33421 -3.32617 1.4627
11.19 -5.36769 -3.37001 1.4627
11.2 -5.40162 -3.41647 1.4627
11.21 -5.43603 -3.46552 1.4627
11.22 -5.47094 -3.51711 1.4627
11.23 -5.50638 -3.57121 1.4627
11.24 -5.54237 -3.62776 1.4627
11.25 -5.57894 -3.68672 1.4627
11.26 -5.61611 -3.74801 1.4627
11.27 -5.65391 -3.81158 1.4627
11.28 -5.65398 -3.82656 -0.0352972
11.29 -5.69265 -3.90732 -0.0352972
11.3 -5.73214 -3.99021 -0.0352972
11.31 -5.77246 -4.07515 -0.0352972
11.32 -5.81379 -4.19099 -2.92952
11.33 -5.85629 -4.30869 -2.92952
11.34 -5.89997 -4.42814 -2.92952
11.35 -5.94457 -4.49217 2.77396
11.36 -5.98982 -4.55766 2.77396
11.37 -6.03573 -4.62445 2.77396
11.38 -6.08231 -4.69234 2.77396
11.39 -6.12958 -4.76116 2.77396
11.4 -6.17754 -4.83068 2.77396
11.41 -6.22645 -4.95161 -2.31621
11.42 -6.27657 -5.07281 -2.31621
11.43 -6.32791 -5.19405 -2.31621
11.44 -6.38045 -5.31505 -2.31621
11.45 -6.4342 -5.43555 -2.31621
11.46 -6.48916 -5.55524 -2.31621
11.47 -6.54531 -5.67382 -2.31621
11.48 -6.60263 -5.79095 -2.31621
11.49 -6.66112 -5.9063 -2.31621
11.5 -6.72052 -5.97401 2.23401
11.51 -6.78059 -6.03924 2.23401
11.52 -6.8413 -6.10164 2.23401
11.53 -6.90261 -6.16087 2.23401
11.54 -6.9645 -6.2166 2.23401
11.55 -7.02693 -6.26848 2.23401
11.56 -7.08986 -6.3162 2.23401
11.57 -7.15347 -6.40476 -2.29737
11.58 -7.21794 -6.48852 -2.29737
11.59 -7.28322 -6.56715 -2.29737
11.6 -7.34926 -6.64037 -2.29737
11.61 -7.41601 -6.70788 -2.29737
11.62 -7.4834 -6.76944 -2.29737
11.63 -7.55138 -6.82481 -2.29737
11.64 -7.61988 -6.8738 -2.29737
11.65 -7.68883 -6.91622 -2.29737
11.66 -7.75818 -6.95196 -2.29737
11.67 -7.82785 -6.98091 -2.29737
11.68 -7.89777 -7.00302 -2.29737
11.69 -7.96783 -7.00794 -1.26432
11.7 -8.03791 -7.00604 -1.26432
11.71 -8.10793 -6.99738 -1.26432
11.72 -8.1779 -6.99441 -2.49785
11.73 -8.2478 -6.98494 -2.49785
11.74 -8.31757 -6.96915 -2.49785
11.75 -8.38716 -6.94724 -2.49785
11.76 -8.4565 -6.91947 -2.49785
11.77 -8.52553 -6.8861 -2.49785
11.78 -8.5942 -6.84745 -2.49785
11.79 -8.66247 -6.80385 -2.49785
11.8 -8.73027 -6.75563 -2.49785
11.81 -8.79756 -6.70318 -2.49785
11.82 -8.86432 -6.64686 -2.49785
11.83 -8.93049 -6.58708 -2.49785
11.84 -8.99605 -6.52424 -2.49785
11.85 -9.06097 -6.45873 -2.49785
11.86 -9.12501 -6.34897 1.70216
11.87 -9.18794 -6.23737 1.70216
11.88 -9.24975 -6.12434 1.70216
11.89 -9.31042 -6.01026 1.70216
11.9 -9.36995 -5.8955 1.70216
11.91 -9.42833 -5.78042 1.70216
11.92 -9.48556 -5.66537 1.70216
11.93 -9.54164 -5.55064 1.70216
11.94 -9.59657 -5.43656 1.70216
11.95 -9.65037 -5.32338 1.70216
11.96 -9.70305 -5.21137 1.70216
11.97 -9.75461 -5.10076 1.70216
11.98 -9.80507 -4.99177 1.70216
11.99 -9.85445 -4.88459 1.70216
12 -9.90276 -4.77941 1.70216
12.01 -9.95004 -4.67639 1.70216
12.02 -9.9963 -4.57567 1.70216
12.02 -9.9963 -4.57567 0
